20
0 34 48 30 50 10 28 41 32 4 53 62 22 59 38 36 36 37 2 13 
34 0 33 4 83 34 42 69 56 35 63 30 44 39 49 5 53 70 35 31 
48 33 0 35 94 41 70 90 49 46 40 55 67 72 33 28 80 73 50 54 
30 4 35 0 79 30 38 65 53 31 62 34 40 40 48 8 50 66 31 27 
50 83 94 79 0 54 54 28 53 50 81 109 45 97 70 86 50 27 48 54 
10 34 41 30 54 0 38 50 24 7 44 64 32 64 28 35 46 37 12 22 
28 42 70 38 54 38 0 31 60 32 82 58 10 43 66 47 11 56 27 16 
41 69 90 65 28 50 31 0 61 44 88 90 26 73 74 73 24 43 40 38 
32 56 49 53 53 24 60 61 0 28 28 86 51 89 18 55 66 27 33 45 
4 35 46 31 50 7 32 44 28 0 50 64 25 62 34 36 40 36 5 17 
53 63 40 62 81 44 82 88 28 50 0 91 75 101 16 60 90 54 55 66 
62 30 55 34 109 64 58 90 86 64 91 0 65 27 79 32 68 99 63 55 
22 44 67 40 45 32 10 26 51 25 75 65 0 52 59 48 15 46 20 13 
59 39 72 40 97 64 43 73 89 62 101 27 52 0 87 44 50 94 59 47 
38 49 33 48 70 28 66 74 18 34 16 79 59 87 0 47 74 45 39 50 
36 5 28 8 86 35 47 73 55 36 60 32 48 44 47 0 58 71 37 35 
36 53 80 50 50 46 11 24 66 40 90 68 15 50 74 58 0 57 35 26 
37 70 73 66 27 37 56 43 27 36 54 99 46 94 45 71 57 0 37 48 
2 35 50 31 48 12 27 40 33 5 55 63 20 59 39 37 35 37 0 13 
13 31 54 27 54 22 16 38 45 17 66 55 13 47 50 35 26 48 13 0 
0 1000
928 1511
76 760
776 1025
1537 1871
1883 2659
860 1393
1149 1266
417 746
1818 2144
501 1315
1313 1723
177 293
672 880
1685 1893
986 1757
253 396
1495 2302
1458 2145
1049 1834
57.49738056312902 37.23646018752497 63.36037413093252 38.90295232412437 78.11122975420805 64.61241188424471 33.09425345357573 50.516833850266764 88.83325816338579 60.90519936935803 99.96945254452191 9.05873910491346 43.216973273237926 0.4302653722970229 86.43978834517438 40.17549773071947 31.752638351338057 88.57438483572615 57.09833698542701 44.604168487510776 
50.64191168804831 23.47096483761939 2.647588900262221 27.47379772374775 95.89943532313157 43.604926351543995 65.23191911091402 91.42622775998488 44.12172465003199 49.02338676389212 18.223386197323997 12.055832480507744 66.85881541790673 37.76029729090761 26.696796325144323 19.19140296859192 76.47409769619601 71.51256807705334 52.32298368120944 53.44491799163348 