20
0 65 48 64 34 78 105 41 55 68 42 29 91 87 85 46 39 86 81 22 
65 0 83 20 95 33 58 26 30 20 40 75 36 71 52 82 77 88 71 83 
48 83 0 70 37 76 95 69 56 74 82 19 91 59 71 2 9 47 51 35 
64 20 70 0 88 17 45 33 13 5 52 66 28 51 33 69 65 68 51 77 
34 95 37 88 0 99 124 72 76 93 76 25 114 94 100 36 32 84 86 12 
78 33 76 17 99 0 28 49 24 14 69 75 16 42 20 75 73 63 44 89 
105 58 95 45 124 28 0 78 51 41 97 99 23 44 25 95 94 68 51 114 
41 26 69 33 72 49 78 0 33 36 20 57 58 77 64 68 62 87 74 60 
55 30 56 13 76 24 51 33 0 18 53 53 38 45 33 55 52 58 42 66 
68 20 74 5 93 14 41 36 18 0 55 70 23 52 33 73 70 70 52 82 
42 40 82 52 76 69 97 20 53 55 0 66 76 97 85 80 73 106 93 64 
29 75 19 66 25 75 99 57 53 70 66 0 91 70 76 17 11 63 62 18 
91 36 91 28 114 16 23 58 38 23 76 91 0 53 30 91 88 75 57 104 
87 71 59 51 94 42 44 77 45 52 97 70 53 0 24 60 61 23 8 87 
85 52 71 33 100 20 25 64 33 33 85 76 30 24 0 71 70 46 28 92 
46 82 2 69 36 75 95 68 55 73 80 17 91 60 71 0 7 49 52 34 
39 77 9 65 32 73 94 62 52 70 73 11 88 61 70 7 0 53 54 28 
86 88 47 68 84 63 68 87 58 70 106 63 75 23 46 49 53 0 18 81 
81 71 51 51 86 44 51 74 42 52 93 62 57 8 28 52 54 18 0 80 
22 83 35 77 12 89 114 60 66 82 64 18 104 87 92 34 28 81 80 0 
0 1000
591 723
1685 1740
613 795
915 1667
249 581
1392 1961
1148 1472
1870 2627
1494 1567
1088 1658
347 412
704 1493
455 683
1908 2902
1216 1653
1790 2253
1606 1910
131 271
2079 2392
63.34074351827466 9.363219123907163 92.79747736236463 24.11900220945459 96.97372833495264 22.736818281022288 15.910012977789112 26.665554958290127 37.460654680659886 20.237635111027352 21.424725198523 83.06339343271614 8.307198594830778 59.711549804719745 36.82307239384489 91.53536107334956 86.53907118077257 82.82123048532206 64.8466960748263 85.18472529165764 
2.6238395720786345 39.02644923599981 40.39751841811741 52.58745839920855 3.3395514067703136 69.11312142713427 96.77348906397076 19.91814469227079 50.70571918692465 55.55123968386175 0.39205989687688403 23.829048974881985 75.1614281567334 89.3145802146239 83.57412198588588 38.811274736450855 34.021114394118015 86.61667196127765 83.110363144622 5.7291421078890625 