20
0 7 81 80 83 20 17 19 12 93 52 44 91 56 90 62 52 64 73 81 
7 0 83 81 88 26 24 26 19 98 51 46 94 59 91 62 52 70 76 84 
81 83 0 14 49 75 78 78 79 50 41 37 31 34 11 25 32 53 24 15 
80 81 14 0 61 77 80 80 80 64 33 39 45 41 12 19 28 63 36 29 
83 88 49 61 0 67 70 70 75 10 72 51 23 33 59 61 60 20 26 34 
20 26 75 77 67 0 4 4 8 77 55 38 78 44 85 60 51 47 61 71 
17 24 78 80 70 4 0 2 5 81 57 41 81 48 88 63 53 51 65 74 
19 26 78 80 70 4 2 0 7 80 58 42 81 48 89 64 54 50 65 75 
12 19 79 80 75 8 5 7 0 85 56 42 85 50 89 63 53 55 67 77 
93 98 50 64 10 77 81 80 85 0 79 59 21 41 59 66 67 30 30 35 
52 51 41 33 72 55 57 58 56 79 0 25 65 40 45 16 12 64 49 49 
44 46 37 39 51 38 41 42 42 59 25 0 50 18 47 23 15 40 32 38 
91 94 31 45 23 78 81 81 85 21 65 50 0 35 39 51 54 38 18 17 
56 59 34 41 33 44 48 48 50 41 40 18 35 0 45 32 29 24 17 27 
90 91 11 12 59 85 88 89 89 59 45 47 39 45 0 30 39 64 35 25 
62 62 25 19 61 60 63 64 63 66 16 23 51 32 30 0 10 57 36 35 
52 52 32 28 60 51 53 54 53 67 12 15 54 29 39 10 0 53 37 39 
64 70 53 63 20 47 51 50 55 30 64 40 38 24 64 57 53 0 29 41 
73 76 24 36 26 61 65 65 67 30 49 32 18 17 35 36 37 29 0 12 
81 84 15 29 34 71 74 75 77 35 49 38 17 27 25 35 39 41 12 0 
0 1000
1666 2223
1821 2624
510 1022
797 1719
130 268
1270 1405
225 1061
679 785
1063 1344
942 971
80 95
1352 1431
1485 1599
1132 1768
1927 1996
1985 2669
437 689
1570 1695
383 496
94.49843773025552 99.00928196566444 24.000937571755678 32.569304350461735 11.571796452165673 78.14089673193727 81.84333140799633 80.97725328206569 86.13884492311416 1.648222063955318 64.53051829839788 55.11434173413693 5.1973528248203005 39.74955809890742 20.61276759511128 49.04618471217289 55.78025641277225 31.147322245616195 23.512926853981465 17.96788801792256 
68.28488914428809 62.81509185605173 27.83819016767489 17.330228553439376 74.77766372306942 79.13549194822895 79.92714105667575 81.60392896067772 77.18747870443332 72.80198634077121 25.60092894641508 48.648216033856805 52.42687373722779 57.48433201102572 16.852777480529724 26.41291973128258 33.693952831004346 80.18365506736187 52.11910638569991 41.831580067249064 