20
0 85 67 30 40 97 77 68 33 14 6 74 69 87 42 51 89 63 20 80 
85 0 79 83 92 29 12 22 58 70 85 41 43 3 97 38 21 94 96 112 
67 79 0 39 35 69 81 78 73 60 61 40 37 78 38 74 66 18 58 33 
30 83 39 0 12 87 80 72 49 29 24 58 53 84 16 60 80 34 20 51 
40 92 35 12 0 93 90 83 61 41 34 63 58 93 5 71 87 25 25 41 
97 29 69 87 93 0 40 47 77 83 96 30 35 25 97 60 9 86 103 101 
77 12 81 80 90 40 0 11 48 63 79 47 47 15 95 28 32 94 90 113 
68 22 78 72 83 47 11 0 38 54 69 48 46 25 88 18 39 90 82 109 
33 58 73 49 61 77 48 38 0 22 36 62 58 61 65 20 68 78 50 98 
14 70 60 29 41 83 63 54 22 0 16 61 56 72 45 38 75 60 29 79 
6 85 61 24 34 96 79 69 36 16 0 72 66 87 36 53 89 57 15 74 
74 41 40 58 63 30 47 48 62 61 72 0 5 40 67 52 27 57 77 73 
69 43 37 53 58 35 47 46 58 56 66 5 0 42 63 49 30 53 71 70 
87 3 78 84 93 25 15 25 61 72 87 40 42 0 98 41 18 93 98 111 
42 97 38 16 5 97 95 88 65 45 36 67 63 98 0 76 92 26 26 39 
51 38 74 60 71 60 28 18 20 38 53 52 49 41 76 0 51 83 66 103 
89 21 66 80 87 9 32 39 68 75 89 27 30 18 92 51 0 83 97 99 
63 94 18 34 25 86 94 90 78 60 57 57 53 93 26 83 83 0 50 20 
20 96 58 20 25 103 90 82 50 29 15 77 71 98 26 66 97 50 0 65 
80 112 33 51 41 101 113 109 98 79 74 73 70 111 39 103 99 20 65 0 
0 1000
1744 2625
2101 2162
1636 2423
976 1397
486 1396
1980 2277
580 1247
1185 2116
1908 2208
1549 2064
1411 2127
413 421
1328 1901
270 655
112 733
1382 2266
1022 1336
717 1044
846 859
83.61788797456431 2.193755839204592 69.52845610694814 85.15921773341756 93.31806464915773 1.6846359679652978 7.295602036147364 16.470018771941298 51.581147974199084 70.09781127470613 85.61988136388278 31.768087253984277 36.112389137070544 1.054839849802447 97.93593147482453 32.79723359466992 6.256882395010077 87.35407620380798 97.78203245517437 99.5878935565011 
86.65802408975956 62.668782055561046 21.64657781819823 56.953201780510135 47.98251031864772 34.13002792524588 73.55455222291539 79.02148313658365 92.82022601496412 81.42099207945624 80.8785263810326 33.60221176611533 36.95455055792938 59.40389448103374 46.68110071205467 85.65505196068156 41.69045440281405 23.45171586306748 72.49479448097019 7.784571808490471 