20
0 63 69 51 56 38 28 43 50 64 21 79 66 26 41 80 24 38 21 19 
63 0 17 92 44 80 38 40 25 4 81 16 24 82 26 39 59 83 45 80 
69 17 0 88 61 91 48 54 20 13 83 26 41 90 28 22 70 94 48 83 
51 92 88 0 103 86 71 90 69 91 36 109 106 69 67 85 75 85 53 39 
56 44 61 103 0 48 33 13 57 48 76 50 25 59 48 82 35 52 51 74 
38 80 91 86 48 0 44 42 78 82 51 91 70 19 67 107 22 4 53 48 
28 38 48 71 33 44 0 19 34 39 48 52 39 44 23 64 22 47 19 46 
43 40 54 90 13 42 19 0 47 42 64 49 28 50 37 74 25 46 38 62 
50 25 20 69 57 78 34 47 0 23 63 41 46 74 11 30 56 80 29 64 
64 4 13 91 48 82 39 42 23 0 80 18 28 83 25 35 60 85 44 80 
21 81 83 36 76 51 48 64 63 80 0 97 86 33 56 90 43 49 36 3 
79 16 26 109 50 91 52 49 41 18 97 0 25 95 42 45 71 95 61 96 
66 24 41 106 25 70 39 28 46 28 86 25 0 77 41 63 52 74 53 85 
26 82 90 69 59 19 44 50 74 83 33 95 77 0 63 103 25 16 46 30 
41 26 28 67 48 67 23 37 11 25 56 42 41 63 0 41 45 69 20 56 
80 39 22 85 82 107 64 74 30 35 90 45 63 103 41 0 86 110 58 91 
24 59 70 75 35 22 22 25 56 60 43 71 52 25 45 86 0 25 33 41 
38 83 94 85 52 4 47 46 80 85 49 95 74 16 69 110 25 0 54 46 
21 45 48 53 51 53 19 38 29 44 36 61 53 46 20 58 33 54 0 36 
19 80 83 39 74 48 46 62 64 80 3 96 85 30 56 91 41 46 36 0 
0 1000
1153 1169
885 1289
536 684
1790 2196
976 1217
88 637
1618 2170
1731 2198
143 402
282 315
1252 1560
752 1424
390 738
1116 1528
1506 2190
1674 2293
994 1025
1376 1973
643 1633
54.487354359696894 55.38250196743739 38.68896814462204 5.613122912289736 93.09772589681786 91.40815013789772 63.260444545930916 81.34136730470568 36.21830449675182 51.46507190456583 41.52892296111976 61.685833633034115 79.41789545048246 74.69411917681015 44.95853061792794 17.25236270764906 77.02466826297471 90.15023964616273 45.96824022699797 44.583869587346605 
81.44893042258228 17.967673470402612 14.380792346292882 95.84223007775337 41.24914474475084 89.00492655670533 55.11702742345148 47.8479364391585 34.43283267050579 17.72937880468217 97.49311733841415 2.808085672313887 20.125284811302045 97.20371139708995 41.40819200094072 11.20476727986376 72.56074560736151 93.31032024567301 61.78257421846012 97.63718577285955 