20
0 17 13 61 32 21 55 7 63 60 79 15 86 87 88 69 61 95 62 25 
17 0 18 61 24 16 55 17 62 55 76 2 68 74 71 71 64 78 59 14 
13 18 0 49 40 10 42 19 50 47 67 17 83 76 86 57 49 91 49 31 
61 61 49 0 85 46 6 68 5 17 22 61 100 58 104 11 14 101 8 75 
32 24 40 85 0 40 79 26 86 78 99 25 66 90 67 95 88 78 83 10 
21 16 10 46 40 0 40 25 46 41 61 15 74 66 77 55 49 81 44 30 
55 55 42 6 79 40 0 61 9 15 26 54 96 58 100 16 15 98 10 69 
7 17 19 68 26 25 61 0 69 65 85 15 83 89 86 75 67 93 68 20 
63 62 50 5 86 46 9 69 0 13 17 61 97 53 101 15 19 98 4 76 
60 55 47 17 78 41 15 65 13 0 21 55 84 42 89 27 30 85 9 68 
79 76 67 22 99 61 26 85 17 21 0 76 100 47 104 24 33 98 18 90 
15 2 17 61 25 15 54 15 61 55 76 0 70 75 73 70 63 80 59 15 
86 68 83 100 66 74 96 83 97 84 100 70 0 61 5 111 111 14 93 66 
87 74 76 58 90 66 58 89 53 42 47 75 61 0 66 67 72 56 50 83 
88 71 86 104 67 77 100 86 101 89 104 73 5 66 0 115 115 16 97 68 
69 71 57 11 95 55 16 75 15 27 24 70 111 67 115 0 10 112 18 85 
61 64 49 14 88 49 15 67 19 30 33 63 111 72 115 10 0 113 22 78 
95 78 91 101 78 81 98 93 98 85 98 80 14 56 16 112 113 0 94 77 
62 59 49 8 83 44 10 68 4 9 18 59 93 50 97 18 22 94 0 73 
25 14 31 75 10 30 69 20 76 68 90 15 66 83 68 85 78 77 73 0 
0 1000
1568 2460
284 797
1446 2298
70 450
1497 2034
162 821
1771 1909
1347 1922
1634 2164
588 877
37 605
785 1244
482 572
2011 2372
973 1958
371 961
1163 1437
1871 2310
2091 2493
0.540070906982193 17.117824225562973 7.855596689623134 26.419036678977893 15.23973502661553 18.321553487328167 24.87201516085046 0.7199348566845787 31.713008332134084 39.622860417329576 45.79267488432974 15.392388788815193 81.52095814182306 80.4837888495006 82.62626374006877 21.52321032363207 13.066337419530571 93.15375095616334 34.09581351724954 16.022552046957628 
32.771072854094804 27.8548990104044 43.41723079568441 88.3374818259648 3.8281061596662447 43.3176781126529 82.30445204253527 25.77746250459738 87.81766182740189 77.93106152457325 98.11305865070399 28.713782169188683 4.846366467609764 66.33011426862544 0.36787034036919186 98.25746916182786 92.08373278181689 12.03094700426578 84.84962197380501 13.664754528258538 