20
0 21 42 54 64 24 31 38 24 70 54 61 20 26 59 51 29 42 61 23 
21 0 28 73 83 18 17 52 31 88 58 81 17 46 53 72 20 30 81 21 
42 28 0 95 89 46 11 53 58 89 44 89 46 66 27 85 13 54 94 21 
54 73 95 0 57 65 85 64 49 70 91 48 61 29 108 32 82 79 38 75 
64 83 89 57 0 88 84 37 79 14 60 9 83 48 86 24 78 106 20 70 
24 18 46 65 88 0 35 62 17 94 73 83 4 43 71 72 38 18 82 37 
31 17 11 85 84 35 0 48 47 85 46 83 35 56 36 77 7 45 86 13 
38 52 53 64 37 62 48 0 60 37 28 39 58 39 51 40 42 79 46 35 
24 31 58 49 79 17 47 60 0 88 77 74 14 32 80 60 48 31 70 44 
70 88 89 70 14 94 85 37 88 0 54 23 90 59 82 38 79 113 34 72 
54 58 44 91 60 73 46 28 77 54 0 64 70 64 28 68 40 88 72 37 
61 81 89 48 9 83 83 39 74 23 64 0 79 42 89 16 77 102 11 70 
20 17 46 61 83 4 35 58 14 90 70 79 0 39 69 67 36 23 77 35 
26 46 66 29 48 43 56 39 32 59 64 42 39 0 79 29 53 61 39 46 
59 53 27 108 86 71 36 51 80 82 28 89 69 79 0 90 33 81 96 36 
51 72 85 32 24 72 77 40 60 38 68 16 67 29 90 0 72 89 10 65 
29 20 13 82 78 38 7 42 48 79 40 77 36 53 33 72 0 49 81 8 
42 30 54 79 106 18 45 79 31 113 88 102 23 61 81 89 49 0 99 51 
61 81 94 38 20 82 86 46 70 34 72 11 77 39 96 10 81 99 0 73 
23 21 21 75 70 37 13 35 44 72 37 70 35 46 36 65 8 51 73 0 
0 1000
1364 1823
1677 2066
2070 2759
1876 2578
1763 2681
1472 1577
881 972
2318 3012
1930 2299
144 423
1557 2306
275 818
388 599
1003 1731
2181 2676
475 1425
611 678
1197 2005
751 926
59.251819270898764 79.99341953884304 96.3026969738202 7.9131955353407 9.829758116093712 72.67692366400375 88.25402479411552 46.451745950923595 56.2880860933102 14.773487095636572 68.59028778544331 7.869568998765297 69.10862421834463 33.59523073806098 96.10333664962162 11.178020638609244 83.3732349113555 85.18731324133026 2.8466595878220313 75.90199813080747 
44.21800311051546 40.23188956968175 63.322227129038566 28.448287962043082 85.101484699929 23.9861509336705 55.463762504262135 79.92969222195778 20.81392610211975 98.58028853841697 96.90378211708814 76.57028477203757 26.58023978410451 42.90377257974547 90.62085883034902 60.7273893825079 59.97886833124757 10.764254850980493 66.35389799625493 60.7142381581824 