20
0 86 10 33 68 30 78 75 10 69 37 71 98 79 17 53 92 25 27 44 
86 0 93 76 24 83 25 25 76 61 54 43 55 18 96 56 20 97 59 106 
10 93 0 42 73 39 82 80 19 69 45 74 99 84 22 54 100 16 34 36 
33 76 42 0 66 8 78 75 27 84 24 79 106 76 28 67 75 58 31 76 
68 24 73 66 0 73 12 9 59 39 42 22 44 11 80 32 41 76 42 82 
30 83 39 8 73 0 84 81 27 88 31 84 111 83 22 71 83 55 35 75 
78 25 82 78 12 84 0 3 69 37 53 18 33 8 91 35 45 83 52 87 
75 25 80 75 9 81 3 0 66 37 51 19 36 7 88 34 44 81 50 86 
10 76 19 27 59 27 69 66 0 64 26 64 91 70 22 48 82 32 17 50 
69 61 69 84 39 88 37 37 64 0 63 18 33 44 85 17 80 62 53 59 
37 54 45 24 42 31 53 51 26 63 0 56 82 52 43 47 56 56 15 72 
71 43 74 79 22 84 18 19 64 18 56 0 27 26 87 21 62 71 50 72 
98 55 99 106 44 111 33 36 91 33 82 27 0 40 113 45 75 95 77 92 
79 18 84 76 11 83 8 7 70 44 52 26 40 0 91 41 37 86 53 92 
17 96 22 28 80 22 91 88 22 85 43 87 113 91 0 69 99 38 38 58 
53 56 54 67 32 71 35 34 48 17 47 21 45 41 69 0 73 50 37 52 
92 20 100 75 41 83 45 44 82 80 56 62 75 37 99 73 0 107 66 118 
25 97 16 58 76 55 83 81 32 62 56 71 95 86 38 50 107 0 42 20 
27 59 34 31 42 35 52 50 17 53 15 50 77 53 38 37 66 42 0 57 
44 106 36 76 82 75 87 86 50 59 72 72 92 92 58 52 118 20 57 0 
0 1000
707 739
1787 2106
957 1480
783 1590
1957 2371
1070 1368
1233 1599
461 1421
573 878
1839 1954
1199 2196
1512 1903
241 709
1336 1910
113 957
1127 2070
870 1420
1673 2056
389 408
11.36988795460001 96.9668682122164 6.105284211339502 23.928673647919553 79.18947538104753 15.87811878356521 87.84584534162789 85.62745728822621 21.123440417884776 65.61079818428111 43.84550679025397 76.90960442915015 98.12324309326513 90.35466976862648 1.128576341569243 56.07835988986548 98.45349151562733 5.87671552046457 38.075572530218935 6.251662451976204 
38.05742211262545 27.99524366914938 46.14954662439354 7.869799501778052 44.127178106618246 8.205645423852149 51.72984253099363 50.000306599287605 34.52229840731656 80.68755095275544 21.329587956576525 66.42603845417936 83.36818323733756 44.49333520001878 24.61059888157333 66.8440736478549 7.972311828603074 62.50036216676745 35.08281475040813 82.25641219370142 