20
0 29 37 81 52 37 79 35 72 43 17 59 68 59 78 33 53 35 24 27 
29 0 18 89 26 12 65 9 60 29 39 74 58 34 62 60 44 62 5 56 
37 18 0 75 17 28 47 11 42 12 52 65 40 23 45 61 26 63 20 61 
81 89 75 0 86 101 62 86 55 66 96 28 51 88 66 67 53 66 87 79 
52 26 17 86 0 30 44 18 43 21 65 80 43 8 41 78 34 79 30 77 
37 12 28 101 30 0 72 16 69 39 43 86 68 37 69 70 54 72 15 64 
79 65 47 62 44 72 0 57 9 37 96 72 14 40 5 91 27 91 66 96 
35 9 11 86 18 16 57 0 53 23 47 74 51 25 54 64 38 66 12 62 
72 60 42 55 43 69 9 53 0 31 88 63 5 40 12 82 19 82 61 88 
43 29 12 66 21 39 37 23 31 0 59 59 29 25 35 62 15 63 30 64 
17 39 52 96 65 43 96 47 88 59 0 72 85 72 94 39 70 41 35 27 
59 74 65 28 80 86 72 74 63 59 72 0 58 84 74 39 52 38 71 52 
68 58 40 51 43 68 14 51 5 29 85 58 0 41 17 77 15 78 59 83 
59 34 23 88 8 37 40 25 40 25 72 84 41 0 36 85 35 86 38 84 
78 62 45 66 41 69 5 54 12 35 94 74 17 36 0 92 27 92 64 96 
33 60 61 67 78 70 91 64 82 62 39 39 77 85 92 0 65 2 55 13 
53 44 26 53 34 54 27 38 19 15 70 52 15 35 27 65 0 65 44 69 
35 62 63 66 79 72 91 66 82 63 41 38 78 86 92 2 65 0 57 15 
24 5 20 87 30 15 66 12 61 30 35 71 59 38 64 55 44 57 0 51 
27 56 61 79 77 64 96 62 88 64 27 52 83 84 96 13 69 15 51 0 
0 1000
1504 1931
1072 1431
917 1909
700 1076
1107 1745
80 328
1544 2433
107 780
374 1250
614 1320
515 529
1655 2650
686 1092
1387 1486
824 1747
436 1119
1248 1481
1734 2728
246 292
22.72504977892692 35.009601090044306 52.44410337359504 91.79467219268327 58.59736792869995 29.01674134686584 99.20278605158815 43.212946319943256 93.24775737889229 62.813476396785106 5.611350699122097 63.319142782707786 90.4205501669051 65.30615896488241 96.90932435791441 25.072874957395918 74.94845656845497 26.044686358725077 32.83572214850622 14.174576488027334 
52.86189764055186 78.86865699967915 74.73221736283517 10.392554041207935 90.22609265507725 89.45590503807136 72.22556157284713 81.45400639623375 65.14371662517465 69.27669471683701 53.21097741784676 10.199600900429562 61.24838871040298 94.09207421684079 76.61156264887839 19.67239049631031 60.76420079559178 17.979802074683636 74.61788285160107 27.222684222783755 