20
0 74 89 61 44 48 61 52 37 27 54 16 27 79 61 79 74 39 49 89 
74 0 52 33 40 65 49 49 88 54 23 67 48 62 38 66 11 58 62 19 
89 52 0 30 78 49 28 92 79 84 45 74 65 20 29 25 62 95 102 66 
61 33 30 0 49 35 16 63 61 54 16 49 36 31 5 35 41 65 73 51 
44 40 78 49 0 63 60 15 72 17 33 45 28 79 52 82 35 18 24 49 
48 65 49 35 63 0 22 78 30 58 43 32 37 33 30 32 72 72 83 84 
61 49 28 16 60 22 0 75 51 61 31 46 40 19 11 22 57 74 83 67 
52 49 92 63 15 78 75 0 84 25 47 57 42 94 67 97 42 15 13 54 
37 88 79 61 72 30 51 84 0 59 64 27 45 62 58 60 91 74 84 105 
27 54 84 54 17 58 61 25 59 0 41 33 21 80 55 82 51 15 26 66 
54 23 45 16 33 43 31 47 64 41 0 45 27 48 20 51 29 50 57 42 
16 67 74 49 45 32 46 57 27 33 45 0 20 63 47 63 69 47 58 84 
27 48 65 36 28 37 40 42 45 21 27 20 0 59 36 61 49 36 46 64 
79 62 20 31 79 33 19 94 62 80 48 63 59 0 27 5 71 93 102 79 
61 38 29 5 52 30 11 67 58 55 20 47 36 27 0 31 46 67 76 56 
79 66 25 35 82 32 22 97 60 82 51 63 61 5 31 0 76 95 105 84 
74 11 62 41 35 72 57 42 91 51 29 69 49 71 46 76 0 53 55 15 
39 58 95 65 18 72 74 15 74 15 50 47 36 93 67 95 53 0 11 66 
49 62 102 73 24 83 83 13 84 26 57 58 46 102 76 105 55 11 0 66 
89 19 66 51 49 84 67 54 105 66 42 84 64 79 56 84 15 66 66 0 
0 1000
1302 1833
154 493
501 904
731 1336
1749 1911
406 570
1184 1418
823 1745
694 724
1539 2259
358 730
289 1068
978 1010
1095 1803
585 1029
1272 1793
1407 2149
1648 1742
1329 2250
5.015590095022581 77.2166186520639 86.81759697597055 64.94584434879454 38.58681730169935 37.876152916884884 58.98275504625292 35.083754339569595 8.291197161501518 23.159471890768646 59.30091279277 16.064414478412736 31.921988183367176 69.73395154664159 62.76250494534449 67.21754244511166 73.74995685455478 21.84904519096369 22.700157297933465 87.64109599842975 
49.43229798070724 66.28737204914627 15.60627289412697 35.982857392200565 77.22495558621357 14.17537976193648 20.66197473274326 92.0220116609267 12.305535589090644 69.83542229614896 51.33303286931849 38.069804518824 50.46512516098068 4.967924146894687 31.376393905772726 0.7453664395313142 76.23190107281438 84.56113176208491 95.51648975194541 81.73966506279304 