20
0 17 11 17 66 8 73 61 38 83 62 29 22 64 39 41 31 84 13 52 
17 0 23 29 51 14 56 47 31 70 46 32 9 50 33 42 30 68 29 56 
11 23 0 25 66 18 79 61 34 81 65 19 30 73 49 52 24 86 16 42 
17 29 25 0 80 15 80 76 55 98 74 45 28 66 33 29 48 96 11 67 
66 51 66 80 0 65 42 5 35 20 17 57 54 60 73 88 49 22 78 66 
8 14 18 15 65 0 68 61 41 83 60 35 16 57 31 34 36 82 16 59 
73 56 79 80 42 68 0 44 64 58 26 81 53 26 56 73 74 36 85 98 
61 47 61 76 5 61 44 0 31 23 18 52 51 60 70 85 44 27 74 62 
38 31 34 55 35 41 64 31 0 48 41 22 39 69 63 73 13 57 50 35 
83 70 81 98 20 83 58 23 48 0 35 69 74 79 93 108 61 26 95 72 
62 46 65 74 17 60 26 18 41 35 0 61 46 44 60 77 53 23 75 75 
29 32 19 45 57 35 81 52 22 69 61 0 41 80 64 69 9 79 36 24 
22 9 30 28 54 16 53 51 39 74 46 41 0 43 24 35 38 69 32 65 
64 50 73 66 60 57 26 60 69 79 44 80 43 0 35 52 75 60 73 102 
39 33 49 33 73 31 56 70 63 93 60 64 24 35 0 17 62 83 43 88 
41 42 52 29 88 34 73 85 73 108 77 69 35 52 17 0 70 99 40 93 
31 30 24 48 49 36 74 44 13 61 53 9 38 75 62 70 0 70 40 27 
84 68 86 96 22 82 36 27 57 26 23 79 69 60 83 99 70 0 97 88 
13 29 16 11 78 16 85 74 50 95 75 36 32 73 43 40 40 97 0 57 
52 56 42 67 66 59 98 62 35 72 75 24 65 102 88 93 27 88 57 0 
0 1000
1298 2295
1094 1364
1247 2239
856 1245
1557 2230
508 873
1765 2400
230 819
1464 1504
143 450
706 1656
1642 2095
553 976
625 1221
1198 1762
1898 2048
1402 1530
989 1580
324 963
85.00002580149004 68.99411254094235 85.1045326200894 97.41754019169177 19.372025072239186 83.13993908091402 21.444374410979727 23.97128993869615 51.96630279441613 4.0251869103798406 23.569566433265198 72.7450909871319 69.51338024873529 44.04223948963442 77.612281745464 94.84686776020745 64.63657508945617 1.0188074385826584 97.64228902382125 68.86942108657699 
50.68739647009705 56.91821405847431 39.890849096166626 61.918727434556395 45.1802037303714 58.082612764391385 87.14889142523737 43.33285872903963 31.16988639574817 31.89550028408954 61.34769229507984 24.844749972052472 65.6573696492253 99.90773667736026 88.48736659513926 90.51345039672292 27.50759682574867 57.75904657734058 50.5192992233868 0.9550554676088563 