20
0 27 12 61 73 81 70 65 73 80 11 76 57 38 106 93 97 84 72 38 
27 0 31 48 67 76 56 73 47 61 31 72 46 23 90 66 78 61 70 44 
12 31 0 71 85 93 81 77 75 89 2 88 68 48 117 97 106 91 85 51 
61 48 71 0 22 32 10 49 62 26 70 29 4 25 46 63 40 38 30 35 
73 67 85 22 0 10 23 36 84 40 84 7 23 44 44 82 47 55 10 38 
81 76 93 32 10 0 31 35 94 48 92 5 33 54 46 91 51 63 10 44 
70 56 81 10 23 31 0 55 63 18 80 30 14 34 36 60 30 33 32 44 
65 73 77 49 36 35 55 0 106 73 75 32 46 56 80 111 82 87 26 29 
73 47 75 62 84 94 63 106 0 53 76 91 63 50 83 26 66 41 92 81 
80 61 89 26 40 48 18 73 53 0 89 47 30 42 31 44 17 16 50 61 
11 31 2 70 84 92 80 75 76 89 0 87 67 47 116 97 106 91 83 49 
76 72 88 29 7 5 30 32 91 47 87 0 29 50 48 89 52 62 6 39 
57 46 68 4 23 33 14 46 63 30 67 29 0 23 50 65 44 41 29 31 
38 23 48 25 44 54 34 56 50 42 47 50 23 0 69 62 59 47 49 30 
106 90 117 46 44 46 36 80 83 31 116 48 50 69 0 67 17 41 54 78 
93 66 97 63 82 91 60 111 26 44 97 89 65 62 67 0 50 28 92 90 
97 78 106 40 47 51 30 82 66 17 106 52 44 59 17 50 0 25 57 74 
84 61 91 38 55 63 33 87 41 16 91 62 41 47 41 28 25 0 65 71 
72 70 85 30 10 10 32 26 92 50 83 6 29 49 54 92 57 65 0 35 
38 44 51 35 38 44 44 29 81 61 49 39 31 30 78 90 74 71 35 0 
0 1000
1265 1533
43 248
1173 1455
733 818
150 797
1774 2239
1012 1593
600 1107
527 873
1634 1797
1064 1534
905 1226
373 475
284 929
1849 2512
469 977
1403 1465
1507 2121
785 1539
6.853479376304172 33.39866013764383 4.310566302021757 49.01876184701368 41.54126843803717 39.76889950846964 57.770126804809564 5.42930792850621 79.37718439532121 75.1415222564994 3.7429906368647736 37.02505668099308 45.36068806796435 39.40477593310633 85.33564396601861 99.33745132864355 87.11533108722433 85.11631646941876 31.774574153913328 14.687827398510588 
16.37121165161051 14.400701097816771 4.282464126974872 60.03461398111818 80.89241738162738 90.60817850099733 64.95413447522968 81.61261072673175 5.619992160591314 58.704606427861215 6.202290247005616 86.0882583392841 58.33778811935041 36.47049221787412 88.0564945514133 22.258954811285324 71.18631398714709 46.674487020735775 84.3864702705615 53.85341143108499 