20
0 69 54 81 84 4 16 73 81 46 59 66 42 8 64 63 47 48 23 22 
69 0 49 29 15 71 70 16 54 33 38 20 55 65 50 75 83 43 63 48 
54 49 0 38 60 54 66 63 27 57 72 63 14 56 10 26 38 68 66 36 
81 29 38 0 30 82 87 44 29 58 67 50 50 79 34 61 77 69 83 59 
84 15 60 30 0 87 85 20 59 46 48 28 68 80 59 85 96 55 78 63 
4 71 54 82 87 0 19 76 81 49 62 70 41 11 63 61 44 51 27 24 
16 70 66 87 85 19 0 71 92 41 51 63 56 11 75 78 62 39 10 30 
73 16 63 44 20 76 71 0 70 29 28 9 67 67 65 89 94 37 62 54 
81 54 27 29 59 81 92 70 0 75 87 73 40 82 17 38 60 87 91 62 
46 33 57 58 46 49 41 29 75 0 16 22 55 39 63 80 77 12 33 32 
59 38 72 67 48 62 51 28 87 16 0 20 71 52 77 96 93 12 41 48 
66 20 63 50 28 70 63 9 73 22 20 0 66 60 67 89 91 28 54 50 
42 55 14 50 68 41 56 67 40 55 71 66 0 45 23 25 28 65 57 28 
8 65 56 79 80 11 11 67 82 39 52 60 45 0 65 68 53 40 16 21 
64 50 10 34 59 63 75 65 17 63 77 67 23 65 0 27 45 75 75 46 
63 75 26 61 85 61 78 89 38 80 96 89 25 68 27 0 25 90 81 53 
47 83 38 77 96 44 62 94 60 77 93 91 28 53 45 25 0 85 68 45 
48 43 68 69 55 51 39 37 87 12 12 28 65 40 75 90 85 0 29 39 
23 63 66 83 78 27 10 62 91 33 41 54 57 16 75 81 68 29 0 30 
22 48 36 59 63 24 30 54 62 32 48 50 28 21 46 53 45 39 30 0 
0 1000
1211 1476
842 1651
341 1335
1729 1887
508 1041
133 675
599 621
1478 2056
992 1091
726 1526
933 1503
256 1074
1894 2230
1153 1503
1380 2233
1988 2826
560 1162
71 125
1601 1962
82.47545609286227 23.687463482804027 29.945733193659763 3.3830028455552053 10.812086072692074 82.92157485927308 90.30051451852655 29.838889299377325 2.892401205480466 56.52615436560321 57.94860815028392 38.66853789005083 43.29121982065681 81.77410408558116 20.281693486508235 32.31978238630957 57.520006584181814 66.19172683188056 85.60163539462684 61.286690172083745 
54.47762960670457 18.446492639178903 66.94025424090249 39.3287120053281 10.381701756004402 58.318388557898736 40.58361838137641 4.120596682968669 68.61742448650166 16.664655174532818 1.077023917790887 4.4904644994186675 70.1546351102555 46.92741010602266 68.64313035833567 93.11758692037895 93.73850167003313 9.646822093789087 31.793160365483786 48.54430997727229 