20
0 12 71 42 62 29 61 54 46 39 28 18 15 38 23 10 27 63 32 66 
12 0 60 38 66 34 53 42 39 45 24 23 26 47 31 19 31 59 35 65 
71 60 0 49 87 92 26 29 34 83 51 82 83 92 91 74 70 51 70 66 
42 38 49 0 39 71 27 52 15 35 14 59 46 45 64 38 25 21 23 28 
62 66 87 39 0 88 61 91 54 26 47 78 56 34 79 53 35 40 30 26 
29 34 92 71 88 0 87 69 73 63 57 12 33 59 9 36 54 92 59 95 
61 53 26 27 61 87 0 43 15 62 34 76 69 71 83 60 51 25 50 40 
54 42 29 52 91 69 43 0 39 79 46 60 69 85 69 60 64 64 66 77 
46 39 34 15 54 73 15 39 0 49 19 61 54 58 68 45 37 26 36 38 
39 45 83 35 26 63 62 79 49 0 34 54 30 11 54 29 15 48 13 42 
28 24 51 14 47 57 34 46 19 34 0 45 35 41 51 26 20 35 21 41 
18 23 82 59 78 12 76 60 61 54 45 0 25 51 9 25 44 80 49 84 
15 26 83 46 56 33 69 69 54 30 35 25 0 26 24 9 24 66 29 66 
38 47 92 45 34 59 71 85 58 11 41 51 26 0 49 29 21 59 22 52 
23 31 91 64 79 9 83 69 68 54 51 9 24 49 0 28 46 86 51 87 
10 19 74 38 53 36 60 60 45 29 26 25 9 29 28 0 19 59 24 60 
27 31 70 25 35 54 51 64 37 15 20 44 24 21 46 19 0 43 5 42 
63 59 51 21 40 92 25 64 26 48 35 80 66 59 86 59 43 0 40 15 
32 35 70 23 30 59 50 66 36 13 21 49 29 22 51 24 5 40 0 37 
66 65 66 28 26 95 40 77 38 42 41 84 66 52 87 60 42 15 37 0 
0 1000
1400 2150
1122 1949
59 713
482 754
317 508
800 1387
1643 1852
136 793
1296 1309
1568 2431
987 1267
264 1057
1455 2256
931 1241
568 1226
603 624
1176 1702
1772 2390
662 868
78.89560212446234 67.85931792447313 7.668053628939853 47.882005060601394 69.55674171832477 97.137540729619 22.07107835414046 28.44206308983036 36.85689514480311 81.61150836521901 55.8970118793731 88.14026255524 90.33220870293393 92.01259490473687 97.23428810718625 80.98446423240026 73.05091579325118 33.88306236738154 71.0725416545355 43.7526614927322 
23.75648204242046 19.55035145580838 24.15195957942049 52.1505378550813 85.1305522812179 1.3746398104120594 46.09702550134257 4.047967343890669 42.38789430386398 62.454467265845345 40.381070197365545 8.878674164939515 33.451275894775236 59.82835285446574 10.66080507130197 33.19233209340403 50.05781265736182 68.09286865097873 54.69206659666619 79.86749942665499 