20
0 97 78 68 79 17 61 66 52 122 98 79 74 17 95 77 60 22 24 117 
97 0 52 36 41 99 70 34 83 26 18 28 24 83 25 38 53 82 74 31 
78 52 0 58 73 88 88 50 94 75 66 25 43 60 31 69 19 56 57 83 
68 36 58 0 16 66 35 8 47 57 30 37 17 57 49 12 47 58 47 49 
79 41 73 16 0 74 32 24 47 55 28 51 31 70 60 4 64 72 60 42 
17 99 88 66 74 0 50 66 38 122 96 85 76 30 101 73 70 36 31 114 
61 70 88 35 32 50 0 41 16 86 59 71 52 59 84 33 73 64 51 73 
66 34 50 8 24 66 41 0 52 57 32 30 12 53 43 19 40 54 44 52 
52 83 94 47 47 38 16 52 0 101 74 80 63 54 94 47 77 60 48 88 
122 26 75 57 55 122 86 57 101 0 27 53 49 108 45 54 79 108 99 20 
98 18 66 30 28 96 59 32 74 27 0 42 28 85 43 26 64 86 76 20 
79 28 25 37 51 85 71 30 80 53 42 0 21 62 16 47 26 60 55 59 
74 24 43 17 31 76 52 12 63 49 28 21 0 60 32 26 37 59 51 47 
17 83 60 57 70 30 59 53 54 108 85 62 60 0 78 67 42 6 10 105 
95 25 31 49 60 101 84 43 94 45 43 16 32 78 0 56 39 75 71 56 
77 38 69 12 4 73 33 19 47 54 26 47 26 67 56 0 59 69 57 42 
60 53 19 47 64 70 73 40 77 79 64 26 37 42 39 59 0 38 38 83 
22 82 56 58 72 36 64 54 60 108 86 60 59 6 75 69 38 0 13 105 
24 74 57 47 60 31 51 44 48 99 76 55 51 10 71 57 38 13 0 95 
117 31 83 49 42 114 73 52 88 20 20 59 47 105 56 42 83 105 95 0 
0 1000
617 675
1302 1320
1619 1720
103 784
357 363
305 1008
1560 1970
721 958
921 1691
1398 1594
1461 2377
1669 1893
396 459
509 561
1150 2093
175 984
1053 1794
1743 2296
1844 1859
98.99969330545531 31.191865624444294 82.84900069945452 41.133225623460426 25.731587530247644 86.65444117976837 37.78345876493646 47.04491265474074 48.361380963755494 7.939004983626452 19.38280599951655 59.5136916360944 46.747514902187426 94.7672884459916 53.03804884996376 29.353659800370203 83.01364266786238 97.67596014327108 85.25886032873758 0.6891968913360413 
87.50404483658477 17.488444118987235 11.642554708124175 51.92600180536093 57.8206984622802 99.69418865774429 87.22611906733607 47.15174655438531 98.67288280672416 6.082714223833163 30.727019351059493 19.401466255199896 35.58592255107944 70.77578096307296 4.687213818032621 55.237002479510544 30.169527887679404 65.31743704829904 68.37701404578664 24.214821486931072 