20
0 37 49 66 18 55 55 47 71 74 58 46 54 52 47 46 22 43 47 63 
37 0 79 33 33 33 83 31 76 81 85 10 52 34 12 58 44 6 37 27 
49 79 0 99 66 80 9 69 57 56 12 86 57 74 86 38 35 84 65 102 
66 33 99 0 65 22 100 31 75 81 102 23 53 28 21 67 65 27 38 12 
18 33 66 65 0 61 73 54 86 90 76 42 67 59 45 62 39 39 57 59 
55 33 80 22 61 0 80 11 53 59 82 28 31 6 25 46 48 30 16 31 
55 83 9 100 73 80 0 69 50 49 3 89 54 74 88 36 39 87 64 104 
47 31 69 31 54 11 69 0 47 53 71 30 23 5 27 36 38 30 7 38 
71 76 57 75 86 53 50 47 0 6 51 76 24 48 74 26 50 76 40 84 
74 81 56 81 90 59 49 53 6 0 49 82 29 54 80 29 53 82 46 90 
58 85 12 102 76 82 3 71 51 49 0 91 56 76 91 37 41 89 66 106 
46 10 86 23 42 28 89 30 76 82 91 0 53 31 4 61 51 3 37 17 
54 52 57 53 67 31 54 23 24 29 56 53 0 25 50 19 35 53 16 61 
52 34 74 28 59 6 74 5 48 54 76 31 25 0 27 40 43 31 10 36 
47 12 86 21 45 25 88 27 74 80 91 4 50 27 0 59 51 6 34 17 
46 58 38 67 62 46 36 36 26 29 37 61 19 40 59 0 24 60 29 73 
22 44 35 65 39 48 39 38 50 53 41 51 35 43 51 24 0 49 35 67 
43 6 84 27 39 30 87 30 76 82 89 3 53 31 6 60 49 0 37 21 
47 37 65 38 57 16 64 7 40 46 66 37 16 10 34 29 35 37 0 45 
63 27 102 12 59 31 104 38 84 90 106 17 61 36 17 73 67 21 45 0 
0 1000
116 868
1218 1893
1340 1934
1845 2468
743 977
523 547
801 1534
909 1130
1006 1670
254 377
707 1389
1106 1412
1437 2039
1682 2558
1999 2871
1542 2196
1721 1826
386 1128
1778 2342
84.8822471377662 54.53755328764039 94.45062741219014 21.84474095199117 87.18728414593205 29.633775598169365 88.49990975146116 38.644295025899176 38.049697596264934 39.87558269686836 88.4169987104254 44.99886024840693 40.20397431881085 33.37196090398036 42.42952927208265 57.7760097975795 74.04388460384827 48.396803307438375 39.632670864251494 29.02945674880484 
59.754954854653796 80.54428908397097 12.002482909097424 79.61590563565844 77.74124463638216 58.85253696410617 4.968156163699566 53.37353591988101 6.583436411253263 0.6108173650740789 2.1262219985596076 82.64641249418716 30.091544870750596 54.39178638104968 80.07715671086694 23.02248293970304 40.66787116539549 82.00651800239598 46.168077530270814 89.74294948439669 