20
0 27 85 25 82 56 34 37 20 63 54 50 40 26 71 45 92 46 38 80 
27 0 58 27 56 34 40 34 29 54 29 25 47 3 44 24 65 39 18 60 
85 58 0 78 23 45 85 78 84 70 33 40 89 59 20 48 10 75 55 44 
25 27 78 0 69 39 56 12 7 79 55 39 63 24 61 52 83 22 24 87 
82 56 23 69 0 30 91 65 76 85 42 32 97 56 13 56 20 59 46 64 
56 34 45 39 30 0 74 34 46 80 38 12 80 33 25 47 47 30 18 72 
34 40 85 56 91 74 0 67 53 35 52 63 7 42 78 37 94 75 58 63 
37 34 78 12 65 34 67 0 18 88 59 38 74 31 58 58 81 10 24 92 
20 29 84 7 76 46 53 18 0 79 58 45 59 27 67 53 89 28 30 89 
63 54 70 79 85 80 35 88 79 0 44 68 34 58 72 33 80 93 70 34 
54 29 33 55 42 38 52 59 58 44 0 26 56 32 29 15 42 60 36 34 
50 25 40 39 32 12 63 38 45 68 26 0 70 25 22 34 45 36 15 60 
40 47 89 63 97 80 7 74 59 34 56 70 0 49 83 42 98 82 65 64 
26 3 59 24 56 33 42 31 27 58 32 25 49 0 45 28 66 36 16 63 
71 44 20 61 13 25 78 58 67 72 29 22 83 45 0 42 23 55 37 54 
45 24 48 52 56 47 37 58 53 33 15 34 42 28 42 0 57 62 38 36 
92 65 10 83 20 47 94 81 89 80 42 45 98 66 23 57 0 77 59 53 
46 39 75 22 59 30 75 10 28 93 60 36 82 36 55 62 77 0 24 94 
38 18 55 24 46 18 58 24 30 70 36 15 65 16 37 38 59 24 0 70 
80 60 44 87 64 72 63 92 89 34 34 60 64 63 54 36 53 94 70 0 
0 1000
97 178
1393 2165
37 942
1670 2040
302 853
990 1076
1187 1210
1881 2807
492 833
873 1651
1962 2843
1570 1613
1816 2336
236 251
420 962
631 1100
1147 1508
1280 2130
781 1466
48.05203638052213 55.776846078357615 67.32033283371344 72.58982989434635 87.85028179636559 86.11215337466052 17.451754765910053 84.3729252843595 67.96451521812092 6.294419362265414 49.892944358134216 73.88068247679888 10.673012486358125 58.69523315810453 76.38030656203915 39.56614948419981 75.4496230091073 92.73869749914111 74.04406230786424 23.710452386512195 
90.80773475241749 64.97082699974773 8.07606211067078 86.32792918083464 18.96188935578509 49.29040603649665 76.46957474598786 83.72450592130158 91.82457775823518 43.095028843833774 36.445857027408515 47.64432095203402 76.98126932377775 66.90114725882435 25.856897935081523 46.72139679805159 3.076810001352759 78.1186100812623 62.47925198926194 14.17728755387273 