20
0 53 53 84 21 68 52 25 49 47 31 76 70 69 59 63 11 92 92 61 
53 0 47 32 64 21 54 50 36 38 23 31 66 15 51 62 60 40 39 51 
53 47 0 60 74 42 89 30 11 10 40 78 105 57 6 100 50 66 66 8 
84 32 60 0 96 19 82 76 52 54 54 38 90 20 61 88 89 7 7 60 
21 64 74 96 0 82 42 46 68 67 44 79 58 78 79 51 30 103 103 81 
68 21 42 19 82 0 76 58 33 35 38 43 87 19 44 84 72 25 25 43 
52 54 89 82 42 76 0 71 79 79 50 52 18 62 94 11 64 88 88 96 
25 50 30 76 46 58 71 0 29 27 30 80 89 65 36 83 19 83 83 38 
49 36 11 52 68 33 79 29 0 3 30 67 94 47 16 89 47 58 58 17 
47 38 10 54 67 35 79 27 3 0 30 69 95 49 15 89 46 60 60 17 
31 23 40 54 44 38 50 30 30 30 0 50 65 38 45 60 37 61 61 46 
76 31 78 38 79 43 52 80 67 69 50 0 54 23 82 54 85 42 42 82 
70 66 105 90 58 87 18 89 94 95 65 54 0 71 110 7 82 95 95 111 
69 15 57 20 78 19 62 65 47 49 38 23 71 0 60 68 75 26 26 60 
59 51 6 61 79 44 94 36 16 15 45 82 110 60 0 105 55 67 66 2 
63 62 100 88 51 84 11 83 89 89 60 54 7 68 105 0 75 94 93 106 
11 60 50 89 30 72 64 19 47 46 37 85 82 75 55 75 0 96 96 57 
92 40 66 7 103 25 88 83 58 60 61 42 95 26 67 94 96 0 0 66 
92 39 66 7 103 25 88 83 58 60 61 42 95 26 66 93 96 0 0 65 
61 51 8 60 81 43 96 38 17 17 46 82 111 60 2 106 57 66 65 0 
0 1000
1765 2255
311 903
464 1307
1642 2021
1179 2116
129 486
244 974
1558 2524
951 1751
885 996
1811 2513
653 1331
2163 3103
1293 2047
1905 2611
1425 1809
1055 1992
783 1312
2057 2400
78.56539925352955 38.77259802622094 26.04792600795821 8.931695616758727 97.23013258316786 17.705684695031408 90.84895918723296 56.42716361222927 29.906750793679294 31.485689260262163 53.712837634343636 41.6567222945441 96.10707154124307 28.727188661265767 20.917072070495134 95.75947942106767 75.90147945904766 2.7181033484206862 2.8501044699946854 18.716230917744735 
83.2525982011842 47.651456678393245 93.28871719518223 35.46697975491902 73.33903935384049 51.9058876301686 32.29509996259077 94.78092753819955 82.52678468224907 84.46753814139416 65.06496115810407 16.530096667684912 15.152145762384828 35.915837054859544 95.4762891292857 22.236645409601287 94.38559771156136 31.514646738678252 31.65085408687025 95.04713404783632 