20
0 83 60 70 43 72 42 86 42 31 33 16 61 76 25 49 78 96 25 67 
83 0 33 77 57 50 42 70 53 52 62 75 79 33 60 34 11 23 60 39 
60 33 0 83 53 23 25 45 48 31 32 58 80 51 42 25 23 54 42 11 
70 77 83 0 32 106 60 127 37 64 82 54 10 46 55 58 81 70 55 94 
43 57 53 32 0 75 29 96 5 31 50 28 27 36 23 29 57 61 23 64 
72 50 23 106 75 0 46 22 70 48 39 74 102 74 60 48 39 73 60 12 
42 42 25 60 29 46 0 67 24 11 27 35 56 41 19 8 36 55 19 35 
86 70 45 127 96 22 67 0 91 67 54 91 123 96 79 69 59 93 79 34 
42 53 48 37 5 70 24 91 0 27 46 28 32 35 20 24 53 58 20 59 
31 52 31 64 31 48 11 67 27 0 19 27 58 51 12 20 46 67 12 39 
33 62 32 82 50 39 27 54 46 19 0 38 76 68 28 35 53 80 28 35 
16 75 58 54 28 74 35 91 28 27 38 0 45 63 16 41 71 84 16 66 
61 79 80 10 27 102 56 123 32 58 76 45 0 49 48 55 81 75 48 91 
76 33 51 46 36 74 41 96 35 51 68 63 49 0 51 33 40 25 51 61 
25 60 42 55 23 60 19 79 20 12 28 16 48 51 0 25 55 71 0 51 
49 34 25 58 29 48 8 69 24 20 35 41 55 33 25 0 31 47 25 36 
78 11 23 81 57 39 36 59 53 46 53 71 81 40 55 31 0 34 55 28 
96 23 54 70 61 73 55 93 58 67 80 84 75 25 71 47 34 0 71 61 
25 60 42 55 23 60 19 79 20 12 28 16 48 51 0 25 55 71 0 51 
67 39 11 94 64 12 35 34 59 39 35 66 91 61 51 36 28 61 51 0 
0 1000
1888 2574
755 1594
1990 2789
893 1553
665 1039
298 482
1218 1357
67 157
1512 2022
1804 1848
576 1286
971 1677
387 802
499 838
1747 2655
1653 1993
1389 1601
1056 1336
168 1106
10.951059647299587 78.08781352438766 68.48531456082551 3.726991061250784 21.067426198945295 83.16669859063899 44.38121766445905 95.43179229013438 25.55408237884692 37.934042500285635 43.985512175663764 10.827791007225185 0.22656928521345154 49.1623085995943 26.2692677435895 48.117621643118284 78.33572677706539 73.77926832647223 26.139506943418244 76.81764844543267 
79.29993399671935 29.93161413249571 61.3725457606322 9.76963654425067 37.07429159854085 79.2557852214234 54.282120087087726 97.44163641412578 39.435071841559676 63.29971203525064 81.54973255405771 63.243691041276165 19.41460057136979 13.863902211091883 59.78962683638356 46.654440630388436 40.91340326588342 7.228077118197273 59.4988871859058 68.61036671605235 