20
0 44 91 27 53 87 5 85 14 84 82 31 79 53 34 82 39 39 47 23 
44 0 51 47 27 52 41 67 43 52 39 32 46 21 58 42 63 52 16 63 
91 51 0 97 40 15 89 50 85 21 38 65 20 38 90 9 93 79 43 104 
27 47 97 0 67 98 23 105 40 96 78 52 91 64 61 89 66 65 58 48 
53 27 40 67 0 33 53 40 46 30 50 26 25 6 50 32 54 40 11 65 
87 52 15 98 33 0 86 35 79 6 50 58 8 34 80 16 83 69 40 97 
5 41 89 23 53 86 0 87 18 84 79 32 78 52 39 81 44 43 46 28 
85 67 50 105 40 35 87 0 73 30 81 55 32 46 65 49 66 54 52 87 
14 43 85 40 46 79 18 73 0 75 82 20 70 46 21 76 26 25 42 20 
84 52 21 96 30 6 84 30 75 0 54 55 6 32 76 20 79 64 39 93 
82 39 38 78 50 50 79 81 82 54 0 68 50 45 95 34 100 88 44 102 
31 32 65 52 26 58 32 55 20 55 68 0 50 28 27 57 32 21 25 39 
79 46 20 91 25 8 78 32 70 6 50 50 0 27 72 17 75 61 33 89 
53 21 38 64 6 34 52 46 46 32 45 28 27 0 54 30 58 44 6 66 
34 58 90 61 50 80 39 65 21 76 95 27 72 54 0 82 5 12 51 23 
82 42 9 89 32 16 81 49 76 20 34 57 17 30 82 0 86 72 35 96 
39 63 93 66 54 83 44 66 26 79 100 32 75 58 5 86 0 14 56 25 
39 52 79 65 40 69 43 54 25 64 88 21 61 44 12 72 14 0 43 34 
47 16 43 58 11 40 46 52 42 39 44 25 33 6 51 35 56 43 0 62 
23 63 104 48 65 97 28 87 20 93 102 39 89 66 23 96 25 34 62 0 
0 1000
481 598
693 1617
312 435
1209 2081
135 567
1895 2289
841 1607
1141 1477
1379 1864
1001 1097
1077 1297
108 786
419 993
548 1435
1791 2380
1632 2129
1299 1472
1489 1949
1949 2779
45.9324012444248 66.2160663769208 61.00541159147584 72.28087925980581 43.862447494871645 45.862990836198236 51.10838152920749 11.869571313821925 35.20672183527186 41.112158842487446 92.10518129637673 35.813819331114146 43.71827631177131 50.079884036696356 14.272293343937914 60.91578001445805 9.04137213992554 15.74097570229741 52.82179854106144 23.99203713892132 
9.897209013916786 48.62834867214351 99.2397035606995 2.4474566862250025 63.312282178268205 96.46640812451777 10.433787884662749 88.0336389839812 18.57228032725913 93.65386985144698 77.43993108754917 38.946590171300386 88.42829972814495 62.59944322422315 22.700114661243287 90.52111682067712 21.739807486446505 34.5232831102111 56.72484038884858 1.9407133583147163 