20
0 7 28 12 18 51 52 46 18 1 55 42 60 78 58 84 32 7 69 77 
7 0 33 19 25 58 54 50 24 6 61 49 64 85 65 91 37 3 77 84 
28 33 0 28 17 35 69 60 11 28 28 37 33 57 55 76 45 34 53 71 
12 19 28 0 12 41 43 36 17 14 52 30 62 70 46 72 21 17 60 65 
18 25 17 12 0 32 52 43 8 19 40 26 50 60 44 69 28 25 51 62 
51 58 35 41 32 0 63 52 36 52 32 16 52 29 27 42 42 57 19 37 
52 54 69 43 52 63 0 11 59 52 87 47 101 89 45 68 24 51 75 61 
46 50 60 36 43 52 11 0 51 47 77 35 92 78 34 59 15 47 64 52 
18 24 11 17 8 36 59 51 0 19 37 33 44 62 51 75 36 25 55 68 
1 6 28 14 19 52 52 47 19 0 56 43 60 79 59 85 33 6 70 79 
55 61 28 52 40 32 87 77 37 56 0 44 21 38 59 71 64 62 41 67 
42 49 37 30 26 16 47 35 33 43 44 0 62 44 18 43 26 47 31 36 
60 64 33 62 50 52 101 92 44 60 21 62 0 57 78 91 77 66 61 88 
78 85 57 70 60 29 89 78 62 79 38 44 57 0 46 42 70 85 15 42 
58 65 55 46 44 27 45 34 51 59 59 18 78 46 0 27 33 62 31 20 
84 91 76 72 69 42 68 59 75 85 71 43 91 42 27 0 60 89 31 7 
32 37 45 21 28 42 24 15 36 33 64 26 77 70 33 60 0 34 57 53 
7 3 34 17 25 57 51 47 25 6 62 47 66 85 62 89 34 0 76 82 
69 77 53 60 51 19 75 64 55 70 41 31 61 15 31 31 57 76 0 29 
77 84 71 65 62 37 61 52 68 79 67 36 88 42 20 7 53 82 29 0 
0 1000
678 1484
1278 2081
871 1641
602 1325
1083 1707
1415 2110
1675 2198
1926 2160
36 813
1584 2294
1112 1698
1215 1957
1003 1108
776 1181
214 996
345 1248
1354 2247
490 1134
1771 1899
22.622658131714235 17.58960468299968 22.049054538182066 34.745685548541836 33.11162622985481 55.82441734288241 68.68587216481336 67.00875206907885 25.880608879653334 21.491298698850215 28.845867521583944 58.169994722388715 8.364566123809624 64.90560801216569 76.60444607201039 97.57171436337929 54.58379332063663 20.635705745682376 69.24742522777476 92.43652675452336 
24.20243022361349 19.024910974320797 52.1154941520761 26.883849166391094 39.203466842383285 62.33079160835931 1.0240414361195604 11.994514030516278 41.73285854647239 23.710753813437645 78.89297364461181 46.34608561004134 82.50443597898102 89.7116463596595 45.080719776063624 62.64197091637569 20.54911247773864 17.662647754724382 75.55676914181946 57.65087593974961 