20
0 37 17 44 40 38 74 73 15 17 38 32 73 27 5 55 30 49 65 41 
37 0 21 36 51 16 38 52 25 24 53 29 48 20 33 26 40 16 49 69 
17 21 0 42 36 21 57 58 13 4 37 30 57 21 16 38 25 32 50 49 
44 36 42 0 78 51 64 88 31 46 78 12 84 21 39 62 66 51 85 86 
40 51 36 78 0 38 76 52 48 32 4 66 56 57 43 48 12 52 40 28 
38 16 21 51 38 0 40 39 32 21 41 42 37 33 36 17 29 14 33 61 
74 38 57 64 76 40 0 44 62 59 79 62 36 56 71 28 68 26 49 100 
73 52 58 88 52 39 44 0 70 57 56 80 8 71 73 26 51 38 12 79 
15 25 13 31 48 32 62 70 0 17 47 18 68 12 10 47 36 39 63 55 
17 24 4 46 32 21 59 57 17 0 32 34 57 25 16 38 20 34 49 45 
38 53 37 78 4 41 79 56 47 32 0 66 60 57 42 52 13 55 44 24 
32 29 30 12 66 42 62 80 18 34 66 0 77 9 27 55 54 45 76 73 
73 48 57 84 56 37 36 8 68 57 60 77 0 68 73 22 53 33 18 84 
27 20 21 21 57 33 56 71 12 25 57 9 68 0 22 47 46 36 66 67 
5 33 16 39 43 36 71 73 10 16 42 27 73 22 0 53 32 47 65 46 
55 26 38 62 48 17 28 26 47 38 52 55 22 47 53 0 42 12 26 74 
30 40 25 66 12 29 68 51 36 20 13 54 53 46 32 42 0 43 40 32 
49 16 32 51 52 14 26 38 39 34 55 45 33 36 47 12 43 0 37 75 
65 49 50 85 40 33 49 12 63 49 44 76 18 66 65 26 40 37 0 68 
41 69 49 86 28 61 100 79 55 45 24 73 84 67 46 74 32 75 68 0 
0 1000
882 1559
1906 2656
197 205
1077 1900
1213 1650
675 1617
984 1722
515 902
763 1663
1467 2270
1340 1873
425 1023
1848 1930
1591 2475
125 781
2017 2924
1720 1834
334 805
1497 2131
41.688504689158 64.09443121021545 47.5903909269756 85.94694070632211 12.952399952334082 50.16387094669893 79.36244757910929 36.488277947471815 55.76367078162514 43.16755093203053 11.61805958868457 73.601862520525 44.72715173638719 67.21203812054047 46.658354480792674 53.61941161925071 24.257792062089646 61.79881750125051 29.988893578610774 0.4445483908252057 
1.8522103282969549 30.92025591308549 18.15945640886264 2.0243988948891123 29.12586993499422 38.85613147793061 65.55391245127542 75.00247362629541 7.754160792171206 18.538324340841463 25.263149286391407 3.7043216530027956 75.17671896051226 10.721445058265623 2.641731981142048 55.20312872566912 25.773048939266364 46.78405385143868 65.4472837653109 4.2729751965354 