20
0 18 60 95 65 11 43 75 27 78 91 9 20 54 89 101 119 15 52 85 
18 0 44 79 63 28 25 59 15 64 87 18 14 53 79 84 104 5 37 76 
60 44 0 35 55 71 32 56 32 23 68 62 55 50 44 41 60 48 8 43 
95 79 35 0 75 106 63 71 67 24 75 97 89 75 42 9 26 83 43 44 
65 63 55 75 0 73 74 107 50 50 26 73 76 11 42 84 88 66 52 37 
11 28 71 106 73 0 52 83 39 89 99 13 26 62 100 112 130 25 63 96 
43 25 32 63 74 52 0 36 26 56 93 41 29 65 76 66 89 28 28 74 
75 59 56 71 107 83 36 0 62 76 123 70 57 100 99 69 95 60 56 98 
27 15 32 67 50 39 26 62 0 51 73 31 28 41 64 74 92 19 25 61 
78 64 23 24 50 89 56 76 51 0 54 82 77 50 23 34 42 69 29 24 
91 87 68 75 26 99 93 123 73 54 0 99 100 37 34 85 80 90 68 31 
9 18 62 97 73 13 41 70 31 82 99 0 13 63 95 103 122 14 55 92 
20 14 55 89 76 26 29 57 28 77 100 13 0 66 92 93 114 10 48 89 
54 53 50 75 11 62 65 100 41 50 37 63 66 0 47 84 90 56 46 42 
89 79 44 42 42 100 76 99 64 23 34 95 92 47 0 51 47 83 48 5 
101 84 41 9 84 112 66 69 74 34 85 103 93 84 51 0 26 89 49 53 
119 104 60 26 88 130 89 95 92 42 80 122 114 90 47 26 0 108 67 52 
15 5 48 83 66 25 28 60 19 69 90 14 10 56 83 89 108 0 41 80 
52 37 8 43 52 63 28 56 25 29 68 55 48 46 48 49 67 41 0 46 
85 76 43 44 37 96 74 98 61 24 31 92 89 42 5 53 52 80 46 0 
0 1000
1550 1669
1648 2356
288 1148
1965 2479
1208 2046
128 1126
197 574
1884 2644
641 1441
1763 2354
463 928
745 1124
1834 2017
2161 3151
2062 2926
1379 1433
816 1376
1050 1702
965 1802
8.727590197041113 25.7110945507132 53.15604858625142 78.84507154213749 4.068379598035376 0.738479039711093 50.778254176968574 83.47644393273895 27.405868522194353 54.40584656574708 8.365115572347392 13.341434536423623 26.830480445467487 4.842637135347783 41.64628207696018 88.02473057023774 88.74518103454615 23.62948982478994 47.16622573320273 37.73212787533294 
9.139559179331835 14.654525573261756 48.95609956467548 72.76622636643594 73.8573342472397 1.0977104141595917 16.840916766948077 2.1868576038689636 29.222514668338107 72.38745524835208 99.67878409645975 1.0484470138922175 0.926853768308955 63.33930470514868 91.88763009764742 71.39038720281496 97.11993878465134 10.524082018505322 44.24486214737311 89.3710057452062 