20
0 57 84 13 49 58 22 62 34 42 41 16 23 56 27 47 32 24 22 44 
57 0 37 62 56 29 47 63 90 91 96 63 80 2 41 91 88 36 50 30 
84 37 0 84 57 28 67 57 113 107 118 94 107 39 60 103 116 60 69 67 
13 62 84 0 41 56 17 53 29 31 35 27 25 61 25 35 34 26 16 54 
49 56 57 41 0 32 28 13 65 52 68 65 66 56 26 47 74 35 27 68 
58 29 28 56 32 0 39 36 85 79 90 69 80 30 32 76 89 34 41 52 
22 47 67 17 28 39 0 41 46 44 51 37 41 47 7 44 50 13 3 47 
62 63 57 53 13 36 41 0 76 60 77 77 78 64 38 54 86 47 40 79 
34 90 113 29 65 85 46 76 0 23 8 38 16 89 54 32 16 55 44 77 
42 91 107 31 52 79 44 60 23 0 21 53 36 91 50 9 39 56 41 85 
41 96 118 35 68 90 51 77 8 21 0 45 23 96 59 30 22 61 49 84 
16 63 94 27 65 69 37 77 38 53 45 0 23 62 41 59 29 36 37 42 
23 80 107 25 66 80 41 78 16 36 23 23 0 79 48 44 9 47 40 64 
56 2 39 61 56 30 47 64 89 91 96 62 79 0 41 91 88 35 50 28 
27 41 60 25 26 32 7 38 54 50 59 41 48 41 0 50 57 9 10 44 
47 91 103 35 47 76 44 54 32 9 30 59 44 91 50 0 48 56 41 88 
32 88 116 34 74 89 50 86 16 39 22 29 9 88 57 48 0 56 49 71 
24 36 60 26 35 34 13 47 55 56 61 36 47 35 9 56 56 0 16 35 
22 50 69 16 27 41 3 40 44 41 49 37 40 50 10 41 49 16 0 50 
44 30 67 54 68 52 47 79 77 85 84 42 64 28 44 88 71 35 50 0 
0 1000
421 451
618 1593
809 1652
1655 1698
514 935
1566 2198
1032 1560
106 154
1343 2262
133 406
762 1366
1140 2113
1235 2148
276 743
1493 1819
1427 1648
316 582
725 1312
891 1822
57.70740798904808 9.440179660618774 7.572009093074284 67.18811316134997 61.64575237618904 29.948433384896745 55.84140017735829 64.52029311411628 89.8309244806512 98.3406219087891 97.30460815537221 52.51793056702206 75.10391260784743 9.181313165173366 50.052344256202105 99.7400564753655 80.17517334878268 43.36491780454356 58.99008769958165 13.58141853095537 
25.472745159190126 55.87395003006404 93.27557082037814 33.78634791301144 74.71499844276465 76.07076083694022 46.901804518493776 87.04380351509468 15.814042239909732 37.4517567895605 16.908342925521993 10.529229537131346 10.223025506398752 54.177616924805186 51.60271056303416 46.565716790091386 2.741349663200765 45.1703716572403 47.37658757116602 26.5942804709418 