20
0 65 29 55 64 34 54 51 34 62 27 19 16 41 54 63 32 40 33 26 
65 0 84 88 81 52 33 46 49 9 39 84 54 28 21 95 77 100 57 43 
29 84 0 31 46 63 61 79 63 83 51 30 45 65 67 38 11 16 31 40 
55 88 31 0 19 85 57 98 84 90 67 61 67 78 67 9 23 40 33 50 
64 81 46 19 0 90 48 100 88 85 69 75 73 77 60 20 37 58 34 52 
34 52 63 85 90 0 60 18 4 45 23 46 18 25 53 94 64 74 56 39 
54 33 61 57 48 60 0 64 57 39 38 73 51 39 13 63 52 77 30 28 
51 46 79 98 100 18 64 0 16 37 32 63 34 25 53 107 79 91 67 49 
34 49 63 84 88 4 57 16 0 41 20 47 18 21 49 93 63 74 54 37 
62 9 83 90 85 45 39 37 41 0 35 80 49 22 26 98 78 98 58 43 
27 39 51 67 69 23 38 32 20 35 0 46 16 14 32 75 48 65 35 17 
19 84 30 61 75 46 73 63 47 80 46 0 32 59 73 69 38 32 48 46 
16 54 45 67 73 18 51 34 18 49 16 32 0 27 47 76 46 56 39 25 
41 28 65 78 77 25 39 25 21 22 14 59 27 0 29 86 61 79 45 28 
54 21 67 67 60 53 13 53 49 26 32 73 47 29 0 74 59 83 37 28 
63 95 38 9 20 94 63 107 93 98 75 69 76 86 74 0 32 45 41 59 
32 77 11 23 37 64 52 79 63 78 48 38 46 61 59 32 0 26 22 35 
40 100 16 40 58 74 77 91 74 98 65 32 56 79 83 45 26 0 47 56 
33 57 31 33 34 56 30 67 54 58 35 48 39 45 37 41 22 47 0 18 
26 43 40 50 52 39 28 49 37 43 17 46 25 28 28 59 35 56 18 0 
0 1000
554 1062
1670 2061
1068 1629
1807 2587
126 312
866 905
784 1411
1551 1696
1478 1580
742 1391
1304 1637
958 1700
478 1374
1196 1333
296 505
206 592
241 1148
633 1451
1958 2105
60.48332543416689 2.286792070990107 84.9896460714159 88.25433808434248 76.55689525176187 29.75326439581776 31.548766581973375 11.945464227534952 27.977938082105304 2.0984888735459784 34.43500809404355 75.36054564754276 44.706637294746585 20.540386736230666 21.86636668568961 94.17373943426102 79.56044978353735 99.54858844244497 58.9862174147323 44.88586795390882 
28.29189418640582 58.016744066632675 44.630488082442184 75.35028694632054 90.19888677303275 13.641444397886549 73.92956597105552 13.524366021496604 16.788390489580962 48.91173642080117 36.08020252686154 15.694340945669838 24.254884643603525 36.6944489594548 65.68015334420456 81.70885978693929 53.79265896820027 36.949674138809584 60.9634567322953 49.51990181539584 