20
0 36 69 28 49 29 44 14 39 72 28 39 47 59 20 10 24 48 60 16 
36 0 34 63 35 9 41 27 23 68 50 6 64 30 30 34 61 24 26 33 
69 34 0 93 40 43 53 58 37 68 75 31 84 39 64 64 94 45 28 61 
28 63 93 0 64 57 54 36 58 75 25 64 37 88 47 30 17 76 88 32 
49 35 40 64 0 40 13 36 12 33 41 30 45 62 57 40 70 59 54 34 
29 9 43 57 40 0 44 22 28 72 47 14 63 32 21 28 52 23 31 29 
44 41 53 54 13 44 0 32 19 29 30 37 32 70 56 34 62 65 63 29 
14 27 58 36 36 22 32 0 26 61 25 28 42 54 25 7 37 44 53 7 
39 23 37 58 12 28 19 26 0 44 38 19 47 52 45 31 62 47 45 27 
72 68 68 75 33 72 29 61 44 0 51 63 42 95 85 62 87 92 87 56 
28 50 75 25 41 47 30 25 38 51 0 50 18 79 48 21 36 70 76 18 
39 6 31 64 30 14 37 28 19 63 50 0 62 33 35 35 63 29 27 33 
47 64 84 37 45 63 32 42 47 42 18 62 0 94 66 39 52 86 90 35 
59 30 39 88 62 32 70 54 52 95 79 33 94 0 44 60 81 13 11 61 
20 30 64 47 57 21 56 25 45 85 48 35 66 44 0 27 38 31 47 31 
10 34 64 30 40 28 34 7 31 62 21 35 39 60 27 0 31 50 59 6 
24 61 94 17 70 52 62 37 62 87 36 63 52 81 38 31 0 69 83 36 
48 24 45 76 59 23 65 44 47 92 70 29 86 13 31 50 69 0 19 51 
60 26 28 88 54 31 63 53 45 87 76 27 90 11 47 59 83 19 0 59 
16 33 61 32 34 29 29 7 27 56 18 33 35 61 31 6 36 51 59 0 
0 1000
1606 2007
1323 1826
656 1599
192 1044
947 1213
1002 1240
1488 1658
835 1240
115 1009
1438 1477
1123 2099
784 1369
1208 1946
515 554
419 1211
295 1108
1674 2130
1732 2647
28 1020
34.19170834464048 65.23193499979534 85.41014319334275 6.06872225183176 45.189976547254886 61.08677055451507 32.77736652754596 38.893237345020246 49.50281902374656 21.867712699867493 14.78025922447771 64.25508274260758 2.6465031215816004 93.02263563154206 52.70204648631436 32.837109732577915 15.715546716620777 82.08821004443966 91.00984855997673 32.52219758790408 
76.95670357072552 57.91371990934001 30.304288373805456 79.29565099148752 29.249342153567113 66.36089580960075 32.57235453192075 64.2443262845698 40.59273355654736 5.779603635204234 56.20861801501271 52.37979544791143 42.593836770505554 68.36856512212735 85.36883416400478 66.78134670566848 92.68506381721905 74.75511434372906 57.89412253681998 61.248659524542326 