20
0 51 55 62 86 19 85 75 54 52 87 66 19 34 9 76 69 89 22 47 
51 0 38 18 40 47 50 56 58 20 40 16 34 74 41 26 30 56 69 62 
55 38 0 55 73 38 32 22 88 18 45 40 37 58 48 57 68 35 62 33 
62 18 55 0 23 62 61 72 52 37 44 21 49 90 53 16 13 68 83 79 
86 40 73 23 0 86 70 87 66 56 47 34 72 113 77 17 19 77 106 101 
19 47 38 62 86 0 70 57 69 41 76 59 14 27 18 73 72 73 25 28 
85 50 32 61 70 70 0 25 107 35 25 40 66 90 77 54 73 7 94 62 
75 56 22 72 87 57 25 0 110 36 48 54 58 72 69 70 85 23 79 42 
54 58 88 52 66 69 107 110 0 74 95 70 58 88 51 67 47 113 75 96 
52 20 18 37 56 41 35 36 74 0 36 23 33 66 44 40 50 40 65 46 
87 40 45 44 47 76 25 48 95 36 0 25 67 101 78 33 54 31 101 78 
66 16 40 21 34 59 40 54 70 23 25 0 48 86 56 17 33 47 83 69 
19 34 37 49 72 14 66 58 58 33 67 48 0 41 12 60 58 70 35 39 
34 74 58 90 113 27 90 72 88 66 101 86 41 0 40 100 98 92 15 31 
9 41 48 53 77 18 77 69 51 44 78 56 12 40 0 66 60 81 30 46 
76 26 57 16 17 73 54 70 67 40 33 17 60 100 66 0 22 61 95 86 
69 30 68 13 19 72 73 85 47 50 54 33 58 98 60 22 0 80 90 91 
89 56 35 68 77 73 7 23 113 40 31 47 70 92 81 61 80 0 97 63 
22 69 62 83 106 25 94 79 75 65 101 83 35 15 30 95 90 97 0 41 
47 62 33 79 101 28 62 42 96 46 78 69 39 31 46 86 91 63 41 0 
0 1000
117 703
650 1282
1349 1527
1808 2414
598 1406
442 587
1241 1345
258 655
715 1024
769 1589
1579 1599
966 1662
872 1574
1053 1345
1618 1651
1722 2365
1211 1632
928 1127
1434 2281
89.4010676465037 42.41606625064905 37.95955488588003 39.30037668046458 22.673207852534606 75.84886549204043 5.807446920881132 22.152255006645582 88.4187225127597 37.49636489731215 3.5132388994443153 26.859484552150604 70.01822033548927 94.02981286994535 80.91059867107421 23.411858982651722 41.525159297912055 3.256101736739403 99.85056655457996 63.29875329026011 
56.37984885328893 37.01167724290811 74.4950972904941 19.280815966090316 2.7519155650180704 69.94064215133 70.66313241911783 89.58016270756653 2.3192905498027105 56.569958873140436 45.63476685871477 36.221045413128685 56.92662241409282 90.10877825491936 52.51335554560919 19.296603378360167 6.823501934266385 76.89133427839394 75.97989105135238 95.01042527731478 