20
0 80 56 8 21 40 53 32 63 15 21 20 40 45 41 65 58 81 38 50 
80 0 34 76 87 113 74 48 18 87 98 68 40 75 63 20 22 5 79 96 
56 34 0 50 57 95 74 32 17 59 71 52 22 41 29 14 22 32 71 63 
8 76 50 0 15 48 59 30 59 12 22 24 37 36 32 60 54 77 45 43 
21 87 57 15 0 52 74 44 69 7 17 39 49 31 33 69 66 87 59 30 
40 113 95 48 52 0 58 66 99 46 37 45 76 82 80 101 91 116 43 81 
53 74 74 59 74 58 0 44 68 68 71 35 53 89 80 72 58 79 17 101 
32 48 32 30 44 66 44 0 33 42 52 20 11 48 37 36 26 50 39 64 
63 18 17 59 69 99 68 33 0 69 81 54 23 57 45 5 10 18 68 78 
15 87 59 12 7 46 68 42 69 0 12 34 48 36 37 70 66 88 53 37 
21 98 71 22 17 37 71 52 81 12 0 40 59 47 49 82 76 99 55 43 
20 68 52 24 39 45 35 20 54 34 40 0 31 55 47 56 46 70 23 66 
40 40 22 37 49 76 53 11 23 48 59 31 0 45 33 25 18 41 49 64 
45 75 41 36 31 82 89 48 57 36 47 55 45 0 13 55 59 73 78 22 
41 63 29 32 33 80 80 37 45 37 49 47 33 13 0 43 46 61 70 33 
65 20 14 60 69 101 72 36 5 70 82 56 25 55 43 0 14 19 72 77 
58 22 22 54 66 91 58 26 10 66 76 46 18 59 46 14 0 24 59 79 
81 5 32 77 87 116 79 50 18 88 99 70 41 73 61 19 24 0 82 95 
38 79 71 45 59 43 17 39 68 53 55 23 49 78 70 72 59 82 0 88 
50 96 63 43 30 81 101 64 78 37 43 66 64 22 33 77 79 95 88 0 
0 1000
829 884
1080 1727
1614 2377
1289 2267
1800 2736
495 1387
599 1331
132 423
925 1096
1864 2701
1022 1868
698 978
335 1213
356 796
804 1023
1160 1662
1444 1770
1688 2201
272 385
69.47693365310299 0.6723497576575088 34.035472484981376 69.95061609895008 83.8722515754728 83.16568808876525 25.579445405439593 39.90880076642047 18.498334467997235 81.62816954273727 90.02975165692965 50.738476076424064 35.875804394087275 75.11287803564646 63.24739208466216 20.147867714738855 18.98482878868849 1.9569021269244757 41.99133256066484 96.67199395927896 
53.657298630908144 13.409487187591473 10.039179125948339 45.20929021481807 38.70952524776985 90.9810330213581 83.50594720501445 41.71818240380368 16.33181041388456 45.12001613314448 54.204365970840875 59.10382848266511 31.629206310883383 9.244347955201903 13.422855337374584 12.033123184853977 25.985213275697795 8.436184915907452 80.33834574639097 11.555500599135815 