20
0 73 64 89 72 90 96 94 81 78 83 76 55 36 66 69 8 23 113 51 
73 0 24 57 25 41 33 29 21 30 30 10 69 72 44 8 81 69 43 23 
64 24 0 37 8 28 31 30 44 52 19 18 47 53 60 16 71 53 50 27 
89 57 37 0 32 19 37 40 77 86 28 47 45 63 97 50 94 70 55 63 
72 25 8 32 0 20 24 23 46 55 11 17 50 58 65 18 79 59 43 34 
90 41 28 19 20 0 18 20 61 71 11 31 57 70 84 36 96 74 36 54 
96 33 31 37 24 18 0 4 49 61 15 24 71 82 77 32 103 84 20 52 
94 29 30 40 23 20 4 0 45 56 15 20 71 81 73 28 101 82 20 49 
81 21 44 77 46 61 49 45 0 12 50 30 88 87 31 28 89 82 53 32 
78 30 52 86 55 71 61 56 12 0 60 40 92 89 21 36 86 82 64 34 
83 30 19 28 11 11 15 15 50 60 0 20 56 67 73 25 90 69 35 44 
76 10 18 47 17 31 24 20 30 40 20 0 65 70 54 8 84 68 37 29 
55 69 47 45 50 57 71 71 88 92 56 65 0 20 93 61 57 32 91 59 
36 72 53 63 58 70 82 81 87 89 67 70 20 0 85 64 38 13 101 56 
66 44 60 97 65 84 77 73 31 21 73 54 93 85 0 48 74 76 83 35 
69 8 16 50 18 36 32 28 28 36 25 8 61 64 48 0 76 62 45 21 
8 81 71 94 79 96 103 101 89 86 90 84 57 38 74 76 0 26 120 58 
23 69 53 70 59 74 84 82 82 82 69 68 32 13 76 62 26 0 103 49 
113 43 50 55 43 36 20 20 53 64 35 37 91 101 83 45 120 103 0 66 
51 23 27 63 34 54 52 49 32 34 44 29 59 56 35 21 58 49 66 0 
0 1000
947 1612
1356 1845
262 774
152 1044
807 1292
2288 3269
983 1135
720 1685
1257 1620
1758 2252
1652 2224
1078 1252
401 695
1863 2833
2004 2994
1487 1959
2105 2885
591 1349
1904 2490
7.036767808151978 58.04394560500972 64.33569391396574 95.49028088001864 71.73095526901665 92.03752944425698 90.7392769954596 86.82773500203491 47.270611396992464 35.74587149073517 82.34496838513323 66.5959365289647 59.148865819193965 38.80330213048106 16.286025725467113 59.28454910053078 2.6137452940104167 28.538901394597914 99.72512879242166 39.05738816903261 
79.7282655287156 27.205397730252102 50.13376242217977 69.69344782528275 48.27176480219633 50.58591271197206 33.06739182974411 30.95648214567901 9.514128226935759 7.265659963251947 45.19039550784084 32.08174174967456 96.54414067378261 96.19378299823089 13.882861274751622 35.10619139753077 86.20513113304929 89.03048912834126 15.027632424033143 40.66461126700487 