20
0 65 65 88 19 12 64 56 71 15 53 60 51 85 66 17 84 77 77 82 
65 0 102 72 59 74 8 45 52 58 22 11 16 20 9 76 78 66 116 26 
65 102 0 66 84 55 95 61 65 80 80 104 96 118 97 77 55 59 14 103 
88 72 66 0 98 87 64 34 21 94 54 81 78 77 63 104 13 11 78 56 
19 59 84 98 0 31 60 64 79 4 54 51 43 79 62 19 96 88 96 81 
12 74 55 87 31 0 72 58 72 27 60 70 62 94 74 22 81 76 65 89 
64 8 95 64 60 72 0 37 44 59 16 18 20 23 2 77 70 58 110 21 
56 45 61 34 64 58 37 0 14 61 23 51 47 57 38 73 36 25 76 41 
71 52 65 21 79 72 44 14 0 75 33 61 58 60 44 87 26 14 79 41 
15 58 80 94 4 27 59 61 75 0 52 51 43 79 61 18 92 84 91 79 
53 22 80 54 54 60 16 23 33 52 0 28 24 38 17 68 58 46 94 29 
60 11 104 81 51 70 18 51 61 51 28 0 9 28 20 69 86 74 118 37 
51 16 96 78 43 62 20 47 58 43 24 9 0 36 22 61 82 71 110 41 
85 20 118 77 79 94 23 57 60 79 38 28 36 0 21 97 86 74 132 21 
66 9 97 63 62 74 2 38 44 61 17 20 22 21 0 79 70 58 111 19 
17 76 77 104 19 22 77 73 87 18 68 69 61 97 79 0 100 94 86 96 
84 78 55 13 96 81 70 36 26 92 58 86 82 86 70 100 0 12 66 66 
77 66 59 11 88 76 58 25 14 84 46 74 71 74 58 94 12 0 71 54 
77 116 14 78 96 65 110 76 79 91 94 118 110 132 111 86 66 71 0 117 
82 26 103 56 81 89 21 41 41 79 29 37 41 21 19 96 66 54 117 0 
0 1000
1472 1763
1633 2417
1942 2710
634 1579
802 909
2074 2549
1713 2426
902 977
343 715
1156 1253
581 1395
703 1353
486 1191
100 339
257 1247
1836 2671
1346 1454
1001 1267
1281 1889
86.36946606871032 22.513685919158412 88.80191969685046 22.60848925454251 81.18618075558675 93.46243539801688 22.6510251259188 38.689814751931614 28.450179748763915 80.8213289517736 33.876828874920136 30.085183605420784 38.08660104789416 2.232095877129281 20.565933810347627 98.95418265963201 34.2314780334005 31.40830917581955 99.22947276034942 4.417398633780934 
22.425423451771575 10.62031588573723 87.83910933025089 82.56500954257774 4.063475580303755 32.67698971710171 19.033406169472755 52.515211816220564 62.63361213412977 8.499726613012836 29.893667623727616 2.1208372018297172 5.919654196693336 8.134329550895936 19.16844161901694 11.3993598941454 88.1013576481286 76.3257913952459 97.86618412612779 29.27619839678104 