20
0 27 30 27 62 61 32 69 25 77 80 71 6 41 67 23 75 55 20 68 
27 0 41 54 48 73 14 50 3 83 80 49 28 68 71 46 79 59 14 43 
30 41 0 45 86 90 33 90 40 106 109 89 35 53 97 49 105 85 27 84 
27 54 45 0 78 53 59 88 51 72 82 93 26 14 67 14 73 57 47 91 
62 48 86 78 0 59 60 13 48 57 44 24 58 92 44 65 50 39 60 30 
61 73 90 53 59 0 85 72 71 20 35 82 55 59 21 42 23 20 76 86 
32 14 33 59 60 85 0 61 15 96 94 58 34 72 84 54 93 72 12 51 
69 50 90 88 13 72 61 0 51 69 55 12 65 102 56 75 62 51 64 20 
25 3 40 51 48 71 15 51 0 82 79 50 25 66 69 44 78 58 13 45 
77 83 106 72 57 20 96 69 82 0 20 81 71 79 14 61 8 24 89 86 
80 80 109 82 44 35 94 55 79 20 0 67 74 91 16 69 13 26 89 73 
71 49 89 93 24 82 58 12 50 81 67 0 68 107 68 80 74 62 63 9 
6 28 35 26 58 55 34 65 25 71 74 68 0 41 61 19 69 49 23 66 
41 68 53 14 92 59 72 102 66 79 91 107 41 0 75 27 81 67 60 105 
67 71 97 67 44 21 84 56 69 14 16 68 61 75 0 54 8 12 78 73 
23 46 49 14 65 42 54 75 44 61 69 80 19 27 54 0 61 43 42 79 
75 79 105 73 50 23 93 62 78 8 13 74 69 81 8 61 0 20 86 80 
55 59 85 57 39 20 72 51 58 24 26 62 49 67 12 43 20 0 66 66 
20 14 27 47 60 76 12 64 13 89 89 63 23 60 78 42 86 66 0 57 
68 43 84 91 30 86 51 20 45 86 73 9 66 105 73 79 80 66 57 0 
0 1000
1367 1817
424 701
1097 1948
670 1038
1871 2708
1680 2204
971 1443
171 327
539 988
877 1256
716 1219
1995 2010
1593 2545
800 1698
1772 1964
79 490
1216 2050
1437 2316
308 1054
58.12559825049062 80.25021452754396 75.07030963048771 32.77150618690031 65.40944252228897 11.137800554007127 89.30773180480016 77.2100900272493 77.7889261234579 8.357047733513634 22.897769562112757 89.31413649651724 54.878056780510406 21.946066814443544 21.76623903590992 35.72231428337661 15.232088851989179 29.612026879399078 77.83849710574835 94.64063900044975 
74.02514581400384 57.762206137270965 98.24777917310504 83.59041370453065 12.438488477484523 35.47404629910888 67.95450842392054 7.908485111522234 58.59408076256333 15.569237840227812 2.048773404471016 9.993683174570055 69.07529810316925 93.06461210552145 17.641092114561964 69.8043672446672 12.335395896081657 26.825533283468715 71.49372783367936 17.006549848034204 