20
0 115 57 68 95 85 105 82 86 112 54 57 93 59 94 105 32 90 82 61 
115 0 88 92 23 59 48 35 43 21 79 85 22 57 31 40 102 51 74 54 
57 88 0 12 65 36 58 70 82 76 11 3 73 57 84 61 26 44 26 47 
68 92 12 0 70 36 56 78 91 78 22 14 80 68 92 61 37 44 22 56 
95 23 65 70 0 38 33 27 40 18 57 62 17 42 33 26 80 30 53 35 
85 59 36 36 38 0 21 55 70 42 33 34 51 55 66 25 60 8 16 42 
105 48 58 56 33 21 0 58 73 28 54 56 50 66 66 8 81 15 34 54 
82 35 70 78 27 55 58 0 15 43 59 67 13 23 14 52 77 51 68 25 
86 43 82 91 40 70 73 15 0 55 71 79 24 28 11 66 85 65 82 35 
112 21 76 78 18 42 28 43 55 0 69 73 31 60 45 20 94 34 58 52 
54 79 11 22 57 33 54 59 71 69 0 9 63 46 73 56 27 39 28 36 
57 85 3 14 62 34 56 67 79 73 9 0 71 55 81 59 27 41 25 44 
93 22 73 80 17 51 50 13 24 31 63 71 0 35 16 43 84 45 66 33 
59 57 57 68 42 55 66 23 28 60 46 55 35 0 35 62 57 54 63 13 
94 31 84 92 33 66 66 14 11 45 73 81 16 35 0 59 90 61 80 39 
105 40 61 61 26 25 8 52 66 20 56 59 43 62 59 0 83 17 40 51 
32 102 26 37 80 60 81 77 85 94 27 27 84 57 90 83 0 66 52 52 
90 51 44 44 30 8 15 51 65 34 39 41 45 54 61 17 66 0 24 42 
82 74 26 22 53 16 34 68 82 58 28 25 66 63 80 40 52 24 0 51 
61 54 47 56 35 42 54 25 35 52 36 44 33 13 39 51 52 42 51 0 
0 1000
863 1470
1346 1366
1571 2394
1185 2129
129 449
1239 1705
1465 2398
532 1009
986 1880
1765 2105
372 702
279 1010
1669 2151
1067 1581
905 1826
1378 2006
770 1492
701 883
1299 1826
98.7551716605556 0.37581476227369626 88.15875424775004 91.97404582790283 23.046119550107225 56.840395960884116 39.480471428356 22.654495370269213 15.222946893652745 14.570545835845705 79.1175954524571 85.4807275804152 16.003663198688134 43.345103930726104 9.319388894132864 33.09191167116282 99.2114589821737 48.622627977524466 72.48758727083602 47.53929011644292 
10.76237431173177 69.4725643534918 66.98950592583041 78.85726819682951 68.96666405667922 85.24088241207714 97.82428418340642 42.157870264853706 29.43707716117053 84.41146179746309 60.71932905081486 66.55830706449855 53.875269621343456 31.72850657224512 39.280947925211876 93.07859139964768 43.021927005149685 85.52034155201294 88.02750913102709 44.03087894078948 