20
0 27 39 35 65 34 30 43 15 20 14 45 61 21 27 41 75 48 80 45 
27 0 34 13 38 17 29 43 12 47 13 42 74 30 3 18 63 66 63 20 
39 34 0 47 59 18 9 9 35 55 35 8 46 56 37 27 36 44 44 32 
35 13 47 0 32 29 42 56 22 53 22 55 87 30 11 25 74 78 71 26 
65 38 59 32 0 43 59 68 50 84 51 66 105 62 38 32 70 100 60 28 
34 17 18 29 43 0 17 27 23 53 23 26 63 45 21 10 46 58 48 16 
30 29 9 42 59 17 0 15 27 46 27 15 46 47 32 27 45 41 53 32 
43 43 9 56 68 27 15 0 41 57 42 4 38 62 46 36 35 38 47 41 
15 12 35 22 50 23 27 41 0 34 1 42 68 22 12 28 68 57 71 32 
20 47 55 53 84 53 46 57 34 0 34 59 63 29 46 61 91 47 99 65 
14 13 35 22 51 23 27 42 1 34 0 42 68 21 13 28 68 57 71 32 
45 42 8 55 66 26 15 4 42 59 42 0 41 62 45 34 32 42 44 38 
61 74 46 87 105 63 46 38 68 63 68 41 0 82 77 73 61 17 78 78 
21 30 56 30 62 45 47 62 22 29 21 62 82 0 28 47 90 69 92 50 
27 3 37 11 38 21 32 46 12 46 13 45 77 28 0 20 67 68 66 23 
41 18 27 25 32 10 27 36 28 61 28 34 73 47 20 0 48 68 46 5 
75 63 36 74 70 46 45 35 68 91 68 32 61 90 67 48 0 69 19 49 
48 66 44 78 100 58 41 38 57 47 57 42 17 69 68 68 69 0 84 73 
80 63 44 71 60 48 53 47 71 99 71 44 78 92 66 46 19 84 0 45 
45 20 32 26 28 16 32 41 32 65 32 38 78 50 23 5 49 73 45 0 
0 1000
1088 1287
427 474
800 1725
531 1142
887 1433
400 438
1202 1385
1413 2216
341 455
106 298
1361 1458
672 853
298 853
83 547
1477 2031
990 1243
1262 1326
1579 1860
185 913
75.94258088759752 74.28362521831961 41.20828497026538 85.47843632413277 77.34931827716596 56.86254461099025 49.00188621927584 34.48734873250386 75.8149028780785 81.91163441018628 76.06154236104949 34.15140871846578 18.68987427662009 95.95310178406167 77.5618152942044 60.33801214887114 12.093666054648967 35.50285596910453 18.309869775430588 61.36624933007436 
35.02580575743848 61.938114329715624 53.09274282305121 69.02335870535148 99.98678512905713 62.66984374568513 47.74941116134408 46.98045929904856 49.58331162417203 15.665182952974499 49.14663571781438 50.48935272228524 12.574949478393027 41.24737460212775 61.771791552104084 72.51776046037918 73.6108606744318 8.9680078337943 91.06594214869152 77.5761769960861 