20
0 78 41 26 75 68 87 84 46 108 16 50 44 81 43 35 81 16 27 55 
78 0 45 67 9 66 119 33 62 87 62 90 103 32 36 44 118 94 67 34 
41 45 0 22 38 37 80 43 21 74 26 47 58 41 22 16 78 55 23 14 
26 67 22 0 61 42 68 63 20 82 20 31 37 61 38 28 64 35 1 36 
75 9 38 61 0 57 110 25 54 78 59 83 96 24 34 40 109 90 61 26 
68 66 37 42 57 0 54 42 22 40 58 38 57 42 58 53 55 75 41 36 
87 119 80 68 110 54 0 96 59 69 87 38 47 96 102 93 7 83 67 86 
84 33 43 63 25 42 96 0 49 54 69 76 93 2 50 53 97 97 63 29 
46 62 21 20 54 22 59 49 0 62 37 28 44 48 43 35 57 54 19 28 
108 87 74 82 78 40 69 54 62 0 98 72 92 55 92 90 73 115 81 67 
16 62 26 20 59 58 87 69 37 98 0 50 51 66 27 18 83 32 20 40 
50 90 47 31 83 38 38 76 28 72 50 0 20 74 67 58 33 49 30 56 
44 103 58 37 96 57 47 93 44 92 51 20 0 91 74 64 40 37 36 70 
81 32 41 61 24 42 96 2 48 55 66 74 91 0 48 51 96 95 61 26 
43 36 22 38 34 58 102 50 43 92 27 67 74 48 0 10 99 59 38 26 
35 44 16 28 40 53 93 53 35 90 18 58 64 51 10 0 90 50 28 25 
81 118 78 64 109 55 7 97 57 73 83 33 40 96 99 90 0 77 63 84 
16 94 55 35 90 75 83 97 54 115 32 49 37 95 59 50 77 0 35 69 
27 67 23 1 61 41 67 63 19 81 20 30 36 61 38 28 63 35 0 36 
55 34 14 36 26 36 86 29 28 67 40 56 70 26 26 25 84 69 36 0 
0 1000
1791 2343
1728 2543
1010 1582
134 618
1142 1815
1514 2208
502 567
257 700
912 1473
798 1099
1312 1565
739 1040
1211 1393
1408 1815
296 759
679 1189
353 762
48 705
1671 2007
82.11448279540578 3.7312946995180174 44.6857047654485 66.69247018759326 7.55976113302358 41.02569877427668 84.19592259227873 4.7745143279962825 53.81047210820134 15.467729681233354 65.96363446487017 78.39655079501665 97.14888638851866 6.584351632532415 39.15493684730308 47.57862499120552 88.26123066299667 97.80165954093285 66.88806225216294 30.666893212939506 
8.572251919026774 7.4745615589153935 25.373052561569786 29.4342118319754 15.636702641464083 62.34726665317636 95.23139019929795 40.72730467261021 44.283501068809784 93.35029505947244 9.86095983552624 58.03031135707934 50.181161399525266 39.141988137671724 3.961100966800102 9.467305568348117 89.61122369339527 13.117235003423334 30.28961389803876 28.344573542309593 