20
0 35 57 36 31 46 3 21 41 46 38 19 33 36 32 20 35 20 16 45 
35 0 42 69 42 37 34 33 76 78 25 44 28 28 62 40 41 20 45 38 
57 42 0 93 35 79 59 38 89 102 21 75 24 22 89 73 80 39 73 14 
36 69 93 0 62 62 36 56 24 9 74 26 69 71 8 32 45 56 25 80 
31 42 35 62 0 70 34 11 55 70 23 50 16 18 60 51 63 24 47 20 
46 37 79 62 70 0 43 59 79 70 60 38 61 62 54 32 17 47 42 73 
3 34 59 36 34 43 0 24 43 45 39 17 35 37 31 17 32 20 14 47 
21 33 38 56 11 59 24 0 53 64 20 40 14 17 52 40 53 14 37 24 
41 76 89 24 55 79 43 53 0 25 73 41 67 69 30 47 63 59 38 75 
46 78 102 9 70 70 45 64 25 0 83 35 78 80 17 40 52 65 34 89 
38 25 21 74 23 60 39 20 73 83 0 54 7 5 69 52 60 19 52 13 
19 44 75 26 50 38 17 40 41 35 54 0 51 53 18 6 22 36 4 63 
33 28 24 69 16 61 35 14 67 78 7 51 0 2 65 50 59 16 49 13 
36 28 22 71 18 62 37 17 69 80 5 53 2 0 67 52 60 18 51 11 
32 62 89 8 60 54 31 52 30 17 69 18 65 67 0 24 37 51 18 77 
20 40 73 32 51 32 17 40 47 40 52 6 50 52 24 0 17 34 9 62 
35 41 80 45 63 17 32 53 63 52 60 22 59 60 37 17 0 42 26 72 
20 20 39 56 24 47 20 14 59 65 19 36 16 18 51 34 42 0 34 29 
16 45 73 25 47 42 14 37 38 34 52 4 49 51 18 9 26 34 0 61 
45 38 14 80 20 73 47 24 75 89 13 63 13 11 77 62 72 29 61 0 
0 1000
865 1298
1058 1107
1218 1404
943 1266
433 1420
750 1459
311 755
611 1261
1477 1936
1631 1655
57 779
1556 2025
790 1166
1305 1549
1751 2227
1351 1378
998 1261
48 750
205 585
51.22078871701707 86.53857922837041 94.36018718386235 18.605282032003046 60.91527458810645 76.34853706201893 52.43307899442552 62.113654992732926 10.927679017081749 9.632961544714147 82.4345012460104 44.557378923272196 75.77871674866729 77.90734730000743 26.215507365311762 49.93186436215381 59.6817459066837 69.76423679385613 43.23544766715857 80.72822406204476 
46.577498484654775 42.98721378906054 84.56828279113473 30.210888968271487 75.96741200415468 7.67342015469914 43.31467521329927 65.08604927948355 52.792223773051205 27.951412240991402 67.53215162192521 28.723293968807152 68.88210712850604 70.04768255839888 27.18430387375267 26.552420400590513 12.529803665438767 53.77578370724462 32.71031929297099 80.88142840008103 