20
0 18 15 72 35 37 84 54 91 44 105 90 44 11 74 39 100 32 18 76 
18 0 30 66 21 20 82 61 95 37 103 80 51 21 61 50 98 26 28 70 
15 30 0 69 41 45 75 41 79 42 97 88 31 10 76 25 92 33 8 71 
72 66 69 0 46 52 26 49 53 29 40 21 48 63 29 59 36 41 60 6 
35 21 41 46 0 7 66 56 84 21 85 59 47 31 40 51 81 14 35 51 
37 20 45 52 7 0 73 63 91 28 91 63 54 34 41 57 87 21 39 57 
84 82 75 26 66 73 0 42 28 45 22 40 46 73 55 57 17 57 68 21 
54 61 41 49 56 63 42 0 38 39 62 70 11 44 72 18 58 42 36 48 
91 95 79 53 84 91 28 38 0 63 36 67 48 81 82 56 34 72 74 48 
44 37 42 29 21 28 45 39 63 0 65 47 32 35 36 40 60 12 33 33 
105 103 97 40 85 91 22 62 36 65 0 43 68 95 66 79 5 77 89 35 
90 80 88 21 59 63 40 70 67 47 43 0 69 81 26 80 41 58 80 23 
44 51 31 48 47 54 46 11 48 32 68 69 0 34 67 11 63 33 26 48 
11 21 10 63 31 34 73 44 81 35 95 81 34 0 67 30 89 24 8 66 
74 61 76 29 40 41 55 72 82 36 66 26 67 67 0 76 62 44 68 34 
39 50 25 59 51 57 57 18 56 40 79 80 11 30 76 0 74 38 22 59 
100 98 92 36 81 87 17 58 34 60 5 41 63 89 62 74 0 72 84 30 
32 26 33 41 14 21 57 42 72 12 77 58 33 24 44 38 72 0 25 45 
18 28 8 60 35 39 68 36 74 33 89 80 26 8 68 22 84 25 0 62 
76 70 71 6 51 57 21 48 48 33 35 23 48 66 34 59 30 45 62 0 
0 1000
100 464
893 1267
1246 1411
1166 1919
1920 2097
1333 1620
1650 2370
536 1478
327 939
220 722
1560 2539
1464 2095
662 1651
773 1731
1809 1997
989 1300
1765 1952
415 820
1252 1757
86.02723800383512 96.77925156669652 70.78952221422912 55.37758697921059 90.25947815198752 97.06119676383946 29.263804727571863 35.86903743426391 6.691048238336117 69.50063664276527 17.55632327937846 60.35076994439172 46.219931699654104 77.64765508844611 83.20099820458084 47.55882569030646 20.750013562982904 76.93500956236556 69.80296339622963 49.63458968312856 
98.43489360634804 83.73600516731278 99.5795358607554 32.767290531652385 63.37407797667661 63.279163240594926 36.91758704096579 78.08945672513929 53.04641054985404 58.0315229277683 18.61468647791372 12.168525851594648 79.9904708284308 91.63318582772978 24.389535067299583 91.36676652006082 22.54871571413235 67.48710360591423 91.23661358001397 32.09256109794597 