20
0 37 50 56 50 25 79 104 88 44 102 25 71 23 44 98 8 90 88 20 
37 0 72 20 19 57 64 89 95 24 89 28 77 59 59 82 32 77 88 29 
50 72 0 83 72 28 67 86 46 60 82 44 34 51 17 82 47 72 55 44 
56 20 83 0 12 73 56 78 96 24 80 41 80 79 68 72 50 69 86 44 
50 19 72 12 0 64 47 71 85 12 72 31 68 72 56 64 43 60 75 34 
25 57 28 73 64 0 77 100 72 54 98 33 56 24 30 96 26 86 76 29 
79 64 67 56 47 77 0 25 50 41 25 54 42 97 52 19 70 13 35 59 
104 89 86 78 71 100 25 0 56 66 5 79 55 121 73 6 96 14 38 84 
88 95 46 96 85 72 50 56 0 73 51 70 18 95 44 55 82 47 18 73 
44 24 60 24 12 54 41 66 73 0 66 21 57 66 44 60 36 54 65 26 
102 89 82 80 72 98 25 5 51 66 0 78 50 119 69 9 94 12 33 82 
25 28 44 41 31 33 54 79 70 21 78 0 53 45 31 73 17 65 67 5 
71 77 34 80 68 56 42 55 18 57 50 53 0 80 27 52 64 43 21 55 
23 59 51 79 72 24 97 121 95 66 119 45 80 0 53 116 30 107 100 40 
44 59 17 68 56 30 52 73 44 44 69 31 27 53 0 68 39 59 47 32 
98 82 82 72 64 96 19 6 55 60 9 73 52 116 68 0 90 10 38 78 
8 32 47 50 43 26 70 96 82 36 94 17 64 30 39 90 0 82 81 12 
90 77 72 69 60 86 13 14 47 54 12 65 43 107 59 10 82 0 30 70 
88 88 55 86 75 76 35 38 18 65 33 67 21 100 47 38 81 30 0 71 
20 29 44 44 34 29 59 84 73 26 82 5 55 40 32 78 12 70 71 0 
0 1000
1035 1702
448 650
1137 1724
1626 2060
1552 2202
774 999
730 1134
1770 2459
342 535
664 1061
1249 2202
1308 1849
928 1188
69 1056
613 759
1674 1844
1374 2007
206 513
117 477
35.81961796420031 72.81881443400691 20.574257257396845 91.82997099523651 83.8538170161018 20.53618829342565 86.21923715457555 99.17917887931286 43.58947353045709 74.66874951895629 94.14277780096529 53.511817144249065 45.782213815734316 13.359866880633952 37.06397700707481 97.78160379888867 41.87783403274269 88.39036888427498 61.06989624585955 49.47193725628656 
12.119382530200584 9.592864600130325 59.64940556233502 16.64541178997647 25.20506046423585 31.88276590077389 72.5971827878816 94.38382949967198 99.60312190584483 33.21367014527888 96.11775564599272 29.990468415857197 82.07265387686526 9.139802352553183 56.54810122538173 88.07138492369401 17.842601727727548 85.15212048388337 96.71635584601512 26.928555835618052 