20
0 110 48 69 88 93 48 58 47 90 52 83 60 61 75 65 59 35 36 59 
110 0 84 41 55 29 71 77 64 21 77 64 82 60 75 80 96 75 99 63 
48 84 0 51 89 80 15 74 44 70 7 37 12 25 27 82 17 29 17 65 
69 41 51 0 42 29 36 44 23 22 45 51 54 30 55 51 67 35 63 29 
88 55 89 42 0 27 74 33 47 39 84 92 95 71 97 32 106 64 97 29 
93 29 80 29 27 0 65 50 46 14 73 73 82 57 80 53 95 62 91 38 
48 71 15 36 74 65 0 61 30 56 10 36 22 13 31 69 32 18 28 50 
58 77 74 44 33 50 61 0 31 56 70 90 83 64 90 9 91 45 76 15 
47 64 44 23 47 46 30 31 0 44 40 59 52 33 59 40 61 17 50 21 
90 21 70 22 39 14 56 56 44 0 63 60 71 46 68 60 84 56 83 42 
52 77 7 45 84 73 10 70 40 63 0 31 12 17 24 79 23 27 24 60 
83 64 37 51 92 73 36 90 59 60 31 0 27 26 13 98 39 53 53 76 
60 82 12 54 95 82 22 83 52 71 12 27 0 25 15 91 14 39 27 72 
61 60 25 30 71 57 13 64 33 46 17 26 25 0 26 72 38 28 40 51 
75 75 27 55 97 80 31 90 59 68 24 13 15 26 0 98 26 49 43 78 
65 80 82 51 32 53 69 9 40 60 79 98 91 72 98 0 100 54 84 22 
59 96 17 67 106 95 32 91 61 84 23 39 14 38 26 100 0 46 23 82 
35 75 29 35 64 62 18 45 17 56 27 53 39 28 49 54 46 0 33 37 
36 99 17 63 97 91 28 76 50 83 24 53 27 40 43 84 23 33 0 70 
59 63 65 29 29 38 50 15 21 42 60 76 72 51 78 22 82 37 70 0 
0 1000
1635 2581
1735 2306
709 1578
2014 2142
1319 1546
1165 1855
1044 1056
979 1920
352 562
1921 2544
1516 1812
857 1538
1437 1928
436 1301
132 393
549 875
199 280
502 973
1832 2646
91.94569964328724 3.7405975911611877 85.99975717148878 35.542292341483 4.851019776299637 6.896487012179254 71.21174161507861 34.2741303660814 50.61171425988561 15.820897582702475 78.87527479575486 66.8300022755399 85.7274010245433 61.95848082156166 78.62622544512101 28.175427552731904 99.61419618097747 67.42593392663807 98.35952456502042 33.492869454311816 
85.76065690600284 19.992743458142826 37.900721837849275 46.542683855837 75.24513696510262 48.61491717180911 42.21668198228863 90.34429137254124 63.83381047987397 37.64652067016557 35.79304714357859 6.738217584902861 25.639116545348116 32.63143309496582 12.157496330513617 96.65224573887653 27.009575557520982 60.226802367710675 49.90151428321287 75.50709320350583 