20
0 47 27 8 51 59 64 14 57 87 65 65 38 37 11 73 62 23 19 50 
47 0 73 51 21 62 20 36 71 57 30 36 70 82 42 75 84 57 41 8 
27 73 0 22 78 66 89 37 56 104 86 84 30 11 32 76 54 24 43 75 
8 51 22 0 58 54 67 15 50 86 65 64 30 32 10 67 54 16 27 53 
51 21 78 58 0 81 35 45 88 76 50 56 83 89 51 94 100 68 38 28 
59 62 66 54 81 0 63 48 16 49 48 40 39 68 49 14 32 42 73 57 
64 20 89 67 35 63 0 52 76 42 18 27 81 98 58 74 91 70 61 14 
14 36 37 15 45 48 52 0 49 73 51 51 37 46 6 62 57 23 25 38 
57 71 56 50 88 16 76 49 0 66 62 55 27 56 48 21 16 35 74 67 
87 57 104 86 76 49 42 73 66 0 27 22 84 110 76 52 82 81 91 49 
65 30 86 65 50 48 18 51 62 27 0 9 72 93 56 57 78 64 66 22 
65 36 84 64 56 40 27 51 55 22 9 0 68 91 55 48 71 61 69 29 
38 70 30 30 83 39 81 37 27 84 72 68 0 30 33 48 25 15 57 69 
37 82 11 32 89 68 98 46 56 110 93 91 30 0 41 77 51 29 54 84 
11 42 32 10 51 49 58 6 48 76 56 55 33 41 0 62 54 18 26 44 
73 75 76 67 94 14 74 62 21 52 57 48 48 77 62 0 34 54 87 69 
62 84 54 54 100 32 91 57 16 82 78 71 25 51 54 34 0 38 80 81 
23 57 24 16 68 42 70 23 35 81 64 61 15 29 18 54 38 0 42 57 
19 41 43 27 38 73 61 25 74 91 66 69 57 54 26 87 80 42 0 47 
50 8 75 53 28 57 14 38 67 49 22 29 69 84 44 69 81 57 47 0 
0 1000
628 808
936 1666
32 503
1602 1789
1083 1517
1469 1680
557 1550
1367 1837
1880 2195
484 793
377 1372
289 523
1230 1798
2025 2086
1769 1998
184 242
1008 1866
810 1418
719 1623
62.45825778628377 18.538058731658413 89.4635063066682 68.31911396313095 11.317449393246026 63.347513516870734 6.507254068141554 54.46019173826723 78.96223900495856 16.155544808020384 17.531240561560146 24.04431484367344 87.60051822426824 99.73085141373149 60.06746101016083 68.00313342562288 95.05303952077946 75.75512421159841 47.76495597968212 18.623907844666398 
23.393046356437363 39.99129859529887 22.49294334786939 28.861610863501696 20.746362302630395 82.57627764375638 55.34194628012203 35.10053478699429 77.7037187916982 96.7145644452947 69.90019036070736 75.71747414466195 52.29819260601927 25.371670221742747 34.082476344936666 95.71689048305115 75.81470740404365 42.50502297462438 11.04678564510786 47.63302654166149 