20
0 21 69 60 71 52 27 88 46 30 46 85 75 3 36 37 60 38 12 80 
21 0 60 77 70 43 42 101 26 15 42 79 89 20 21 57 40 18 32 78 
69 60 0 85 29 17 63 87 63 45 25 20 83 71 41 94 52 55 73 28 
60 77 85 0 63 76 34 34 101 76 64 88 20 63 80 42 109 91 49 74 
71 70 29 63 0 34 54 59 82 58 29 25 57 74 56 85 77 73 70 11 
52 43 17 76 34 0 50 85 49 29 12 36 78 54 25 80 43 40 57 38 
27 42 63 34 54 50 0 61 67 42 39 74 48 30 47 32 76 57 19 64 
88 101 87 34 59 85 61 0 123 96 74 82 14 91 98 76 125 112 79 67 
46 26 63 101 82 49 67 123 0 27 54 83 112 45 26 83 20 11 58 87 
30 15 45 76 58 29 42 96 27 0 29 64 85 31 7 64 34 17 39 64 
46 42 25 64 29 12 39 74 54 29 0 39 67 48 27 70 51 44 48 36 
85 79 20 88 25 36 74 82 83 64 39 0 82 88 60 106 72 75 87 16 
75 89 83 20 57 78 48 14 112 85 67 82 0 78 88 61 116 102 66 66 
3 20 71 63 74 54 30 91 45 31 48 88 78 0 37 37 60 38 14 83 
36 21 41 80 56 25 47 98 26 7 27 60 88 37 0 71 29 16 45 62 
37 57 94 42 85 80 32 76 83 64 70 106 61 37 71 0 97 75 26 96 
60 40 52 109 77 43 76 125 20 34 51 72 116 60 29 97 0 23 71 79 
38 18 55 91 73 40 57 112 11 17 44 75 102 38 16 75 23 0 50 78 
12 32 73 49 70 57 19 79 58 39 48 87 66 14 45 26 71 50 0 80 
80 78 28 74 11 38 64 67 87 64 36 16 66 83 62 96 79 78 80 0 
0 1000
241 879
1469 2169
627 724
552 1264
1086 1212
1368 2006
366 1221
160 979
916 1232
1103 1313
983 1360
1226 1270
1608 2353
894 943
66 402
1726 2026
800 1248
735 1312
460 702
85.90112413204163 89.81991321210457 36.6426156674689 38.04221254733099 19.593030528425338 50.50523401874961 60.53409369998807 4.137775097710772 99.36593328137194 77.37773105349308 48.74549378496986 16.284174388839677 18.241029131796648 89.16325466638149 74.90909890364308 79.61571968790473 87.23571477075134 90.90431591608822 79.948221649861 13.23793028398692 
38.03200569903915 58.31625892819046 86.12544267196714 1.495294205576525 62.14533795674849 76.18384701758339 27.602907181107728 4.953433789245809 82.31925774386389 66.39557635730576 64.41034382217889 86.48572056889219 4.848868111132387 38.00496343202619 72.51148484988673 1.9951544566143897 98.42871371869467 76.08486172728057 27.529374041951982 71.05770069591021 