20
0 41 19 66 18 28 59 72 63 84 22 90 87 72 34 83 36 27 49 7 
41 0 57 100 24 66 58 54 98 76 46 113 103 69 75 83 13 15 80 41 
19 57 0 65 34 27 76 91 62 102 37 96 96 88 21 99 55 42 53 24 
66 100 65 0 82 38 73 98 3 92 54 41 52 78 49 79 90 90 21 62 
18 24 34 82 0 45 59 65 80 82 31 102 96 71 52 85 23 9 64 20 
28 66 27 38 45 0 61 82 36 86 25 69 70 71 21 79 58 54 26 25 
59 58 76 73 59 61 0 26 71 26 39 65 50 12 81 26 45 60 53 53 
72 54 91 98 65 82 26 0 96 25 57 89 73 27 100 39 45 62 78 67 
63 98 62 3 80 36 71 96 0 91 51 42 52 76 47 78 87 87 18 59 
84 76 102 92 82 86 26 25 91 0 65 74 56 15 106 17 65 81 75 79 
22 46 37 54 31 25 39 57 51 65 0 71 65 51 43 62 36 37 34 16 
90 113 96 41 102 69 65 89 42 74 71 0 19 63 86 57 101 107 43 84 
87 103 96 52 96 70 50 73 52 56 65 19 0 46 90 39 90 100 46 80 
72 69 88 78 71 71 12 27 76 15 51 63 46 0 92 14 57 72 60 65 
34 75 21 49 52 21 81 100 47 106 43 86 90 92 0 100 70 61 44 36 
83 83 99 79 85 79 26 39 78 17 62 57 39 14 100 0 71 86 64 77 
36 13 55 90 23 58 45 45 87 65 36 101 90 57 70 71 0 18 70 35 
27 15 42 90 9 54 60 62 87 81 37 107 100 72 61 86 18 0 71 29 
49 80 53 21 64 26 53 78 18 75 34 43 46 60 44 64 70 71 0 44 
7 41 24 62 20 25 53 67 59 79 16 84 80 65 36 77 35 29 44 0 
0 1000
75 1042
663 1619
778 1473
1233 1271
1567 2403
1091 1279
424 1016
1748 2628
357 770
880 1178
960 1706
1861 2114
539 1330
2207 2972
1394 2285
2016 2328
1626 2318
224 281
2108 2966
84.25972143240305 78.16430255826691 97.63259445978821 48.507977512796415 85.50056794633583 73.04407854614698 26.655828822611127 23.96406873922743 49.25723233735362 3.72945236876826 62.184033014758114 7.9112846962419265 2.734274832270267 14.166361206284407 92.37663052289491 1.2681102074790007 67.90969397931958 84.8934828520814 48.814728924196594 77.66712845769275 
44.34651684229802 3.9702381650609575 57.71443243105022 99.61762418917529 26.355382511719583 69.95115597470134 30.249384867346386 4.694351299377786 97.14706354493904 18.759392282405063 47.45361559128087 92.55097527934257 74.62802202490288 29.846351025180606 77.75738353808839 35.93923743164179 11.916023081498995 17.684749567221537 78.85655103832151 45.26933813586932 