20
0 86 40 49 58 69 85 72 8 52 40 53 84 37 67 91 58 45 46 74 
86 0 48 120 113 107 56 14 83 51 106 38 89 104 43 93 29 73 45 63 
40 48 0 80 81 83 64 35 35 35 68 14 81 66 44 87 19 46 22 60 
49 120 80 0 21 42 94 106 57 71 14 94 73 15 85 79 95 51 74 79 
58 113 81 21 0 20 79 100 66 62 18 94 53 21 74 58 91 41 69 64 
69 107 83 42 20 0 65 95 77 57 35 95 34 37 65 39 89 37 66 50 
85 56 64 94 79 65 0 49 87 33 80 68 37 80 20 39 55 44 43 15 
72 14 35 106 100 95 49 0 70 38 91 27 79 90 33 84 16 59 31 54 
8 83 35 57 66 77 87 70 0 54 48 48 89 46 69 96 54 50 46 78 
52 51 35 71 62 57 33 38 54 0 57 43 47 56 16 53 34 22 13 26 
40 106 68 14 18 35 80 91 48 57 0 82 62 3 71 68 81 37 60 66 
53 38 14 94 94 95 68 27 48 43 82 0 89 80 48 95 13 58 30 67 
84 89 81 73 53 34 37 79 89 47 62 89 0 63 46 7 80 39 59 26 
37 104 66 15 21 37 80 90 46 56 3 80 63 0 70 70 79 37 59 66 
67 43 44 85 74 65 20 33 69 16 71 48 46 70 0 51 36 34 23 21 
91 93 87 79 58 39 39 84 96 53 68 95 7 70 51 0 86 46 66 30 
58 29 19 95 91 89 55 16 54 34 81 13 80 79 36 86 0 52 23 56 
45 73 46 51 41 37 44 59 50 22 37 58 39 37 34 46 52 0 29 31 
46 45 22 74 69 66 43 31 46 13 60 30 59 59 23 66 23 29 0 38 
74 63 60 79 64 50 15 54 78 26 66 67 26 66 21 30 56 31 38 0 
0 1000
834 1353
967 1050
1398 1509
1115 1705
521 856
1817 2605
199 449
606 1556
1511 1752
1919 2529
324 356
2162 2776
70 540
1242 2062
1708 2509
2012 2948
1613 1772
707 957
459 948
37.75295054434179 4.357645947096778 17.030550920857745 85.55295927908556 94.34764929697214 99.75878142446062 59.981587274403644 12.73399673445088 29.37134071235009 46.81113713499836 77.69564047632359 5.460071475566952 91.87458376389384 74.95175570310994 45.879990168758454 96.76137086067996 12.988810353626867 63.31935032971434 35.29448597161148 66.59703205226107 
9.327305388054363 88.95634549962134 42.983325706750364 0.7557885390539254 20.28842835903937 39.75199431312787 90.95609660778273 77.26845518562509 9.698016923393704 60.67319763031994 12.934286529883309 50.75872556382242 73.18461597325783 11.985738670721425 76.19235634613219 78.6125190885986 61.49541223115895 46.67381534778464 55.59608181948218 77.6731947946415 