20
0 77 53 18 18 64 46 29 21 43 44 41 53 55 70 50 37 62 53 36 
77 0 30 88 89 18 108 63 65 42 65 76 25 52 96 126 65 23 48 110 
53 30 0 61 62 30 79 34 37 36 34 46 11 24 67 101 35 32 20 89 
18 88 61 0 2 78 28 29 24 60 40 32 63 55 58 41 34 76 55 38 
18 89 62 2 0 78 28 30 25 60 42 34 64 57 60 40 35 77 56 36 
64 18 30 78 78 0 101 56 57 24 62 72 20 54 96 113 60 4 50 95 
46 108 79 28 28 101 0 45 44 86 48 36 84 65 47 44 45 100 66 55 
29 63 34 29 30 56 45 0 7 46 15 18 39 27 47 70 9 56 26 63 
21 65 37 24 25 57 44 7 0 43 23 23 40 34 53 65 16 56 32 56 
43 42 36 60 60 24 86 46 43 0 58 64 27 56 92 91 53 21 52 72 
44 65 34 40 42 62 48 15 23 58 0 13 43 17 35 81 7 63 18 77 
41 76 46 32 34 72 36 18 23 64 13 0 53 29 30 71 12 73 31 70 
53 25 11 63 64 20 84 39 40 27 43 53 0 34 77 102 42 21 30 87 
55 52 24 55 57 54 65 27 34 56 17 29 34 0 44 96 22 56 5 90 
70 96 67 58 60 96 47 47 53 92 35 30 77 44 0 90 39 98 48 95 
50 126 101 41 40 113 44 70 65 91 81 71 102 96 90 0 75 111 96 25 
37 65 35 34 35 60 45 9 16 53 7 12 42 22 39 75 0 61 22 70 
62 23 32 76 77 4 100 56 56 21 63 73 21 56 98 111 61 0 51 92 
53 48 20 55 56 50 66 26 32 52 18 31 30 5 48 96 22 51 0 88 
36 110 89 38 36 95 55 63 56 72 77 70 87 90 95 25 70 92 88 0 
0 1000
402 912
654 1555
1417 1957
1602 1845
144 311
741 753
1795 2489
1300 2257
861 1024
1537 1564
1141 1788
908 1218
1737 1840
1239 2075
1943 2164
604 1387
970 1274
265 710
513 1298
48.30692680486045 99.14301661903116 70.30153757643004 30.31121078528879 30.67135948716754 98.61957893672557 3.1649186946591357 43.21531036753874 45.0240934645454 88.26193810277033 36.44177714488794 26.407562261835704 79.18676478953364 47.07088238917705 3.4685514221724945 13.55300726695453 38.295291751962225 99.15836679797846 51.05792416916457 38.59288394092305 
38.766428380977466 96.16618646389355 86.97910001433911 41.16285275509961 39.45379502074072 77.86575154045606 45.80479041316612 66.97403148466333 59.94268717327148 55.68588559261445 80.88591767099248 73.22830538156883 81.29541011856838 93.88521229824346 92.61298935755828 3.4552855367717794 74.06514235901072 73.66067718986926 91.63698363827639 4.2514841387711 