20
0 25 49 48 103 108 43 87 101 34 95 76 126 74 82 65 76 95 12 74 
25 0 57 56 84 96 41 66 89 35 80 74 110 49 89 69 50 91 27 82 
49 57 0 2 85 75 22 80 71 23 72 33 99 87 33 17 90 52 38 25 
48 56 2 0 87 77 22 81 72 22 73 35 101 87 35 19 90 54 36 27 
103 84 85 87 0 33 68 22 28 76 16 63 28 54 94 78 57 59 95 93 
108 96 75 77 33 0 66 50 7 75 21 44 27 81 72 62 84 32 97 74 
43 41 22 22 68 66 0 60 60 10 57 34 87 65 50 29 68 52 32 44 
87 66 80 81 22 50 60 0 43 66 28 66 49 33 96 77 36 68 81 94 
101 89 71 72 28 7 60 43 0 69 15 41 29 74 70 59 77 32 91 72 
34 35 23 22 76 75 10 66 69 0 66 43 96 66 54 34 69 61 22 47 
95 80 72 73 16 21 57 28 15 66 0 47 31 59 78 63 63 44 86 78 
76 74 33 35 63 44 34 66 41 43 47 0 70 84 31 18 88 19 65 31 
126 110 99 101 28 27 87 49 29 96 31 70 0 82 98 88 85 59 116 101 
74 49 87 87 54 81 65 33 74 66 59 84 82 0 111 90 4 93 72 107 
82 89 33 35 94 72 50 96 70 54 78 31 98 111 0 22 115 40 71 9 
65 69 17 19 78 62 29 77 59 34 63 18 88 90 22 0 93 36 54 17 
76 50 90 90 57 84 68 36 77 69 63 88 85 4 115 93 0 97 74 110 
95 91 52 54 59 32 52 68 32 61 44 19 59 93 40 36 97 0 84 44 
12 27 38 36 95 97 32 81 91 22 86 65 116 72 71 54 74 84 0 63 
74 82 25 27 93 74 44 94 72 47 78 31 101 107 9 17 110 44 63 0 
0 1000
2235 3145
1778 2744
431 490
1202 1764
518 626
1061 1767
640 1068
554 1124
1283 1416
331 426
738 1331
2036 2296
1527 2294
157 1146
810 1026
905 1630
1428 2256
1682 2442
1868 2746
14.612892172264512 40.09740934384113 10.018494977816106 9.096637177991829 93.87939616419047 72.62574046491795 30.207508390195336 90.00552261450224 71.94896706889597 25.058339909906913 78.68979798490172 31.80359521868431 99.48039434258763 88.07600572490803 1.633689762837276 16.135226313701512 89.85798195141295 40.73761689313211 15.99712722014679 0.7998358185657306 
4.3877075805635375 4.841119700472674 53.587023548493484 51.69049585747846 69.71851427059242 94.94626041889107 44.62957681466302 48.429331024582744 87.67248911902199 36.56414962207809 74.4830523173272 78.72976890532854 96.8618737766147 15.779833251435116 85.62866865017382 69.522567169253 12.623140383019782 95.87568356913316 16.007432249704234 76.98684097315642 