20
0 5 30 57 5 88 99 90 14 64 55 68 84 65 60 100 67 104 24 12 
5 0 35 56 8 89 97 89 19 60 50 63 80 65 59 98 67 102 29 17 
30 35 0 58 32 79 102 89 20 89 80 96 101 58 61 106 61 109 10 24 
57 56 58 0 62 37 44 33 62 60 57 77 54 18 3 48 16 51 62 64 
5 8 32 62 0 93 104 95 13 67 57 69 87 70 65 105 72 109 24 10 
88 89 79 37 93 0 42 25 90 95 93 113 80 23 35 52 22 52 86 93 
99 97 102 44 104 42 0 18 106 75 78 95 49 48 41 11 44 9 106 108 
90 89 89 33 95 25 18 0 95 79 79 98 58 32 30 27 28 27 94 97 
14 19 20 62 13 90 106 95 0 78 68 81 96 67 65 108 70 112 11 4 
64 60 89 60 67 95 75 79 78 0 10 20 32 78 61 69 76 74 86 76 
55 50 80 57 57 93 78 79 68 10 0 21 39 74 58 73 73 78 77 67 
68 63 96 77 69 113 95 98 81 20 21 0 50 95 79 89 94 94 91 79 
84 80 101 54 87 80 49 58 96 32 39 50 0 70 53 41 67 46 101 95 
65 65 58 18 70 23 48 32 67 78 74 95 70 0 18 55 4 57 64 70 
60 59 61 3 65 35 41 30 65 61 58 79 53 18 0 45 16 48 65 67 
100 98 106 48 105 52 11 27 108 69 73 89 41 55 45 0 51 5 110 110 
67 67 61 16 72 22 44 28 70 76 73 94 67 4 16 51 0 53 67 73 
104 102 109 51 109 52 9 27 112 74 78 94 46 57 48 5 53 0 113 113 
24 29 10 62 24 86 106 94 11 86 77 91 101 64 65 110 67 113 0 15 
12 17 24 64 10 93 108 97 4 76 67 79 95 70 67 110 73 113 15 0 
0 1000
630 762
1796 1858
1704 1915
1187 1569
1508 2294
2027 2622
1008 1313
101 579
708 1002
329 954
1332 2040
1598 1724
423 581
1109 2090
493 825
256 854
2061 2698
884 922
1871 1960
8.816987978586631 8.368688580906603 24.824466079280107 62.39305783347535 4.013978286637332 97.1034389955328 95.35601103656778 93.36555284555577 9.076810512365208 21.704577010558413 18.068657160675826 2.3073150830177136 52.45798294685172 73.63980946028177 65.01949513749413 90.80451058520767 75.39442602534925 95.68463136937521 15.66242691145553 5.428487747450161 
26.403781824237615 31.40572653503145 0.488681867658991 45.22946997539701 25.166191349439092 31.877893652334567 74.27218745179371 56.87956593710955 12.87268081982974 89.4432027908923 80.63144026631397 93.90247880151892 98.0250728898909 31.2560570328535 46.678710775715004 83.87725737122231 35.092147054830455 83.728703592084 3.7426060698732 15.132795215521933 