20
0 61 18 56 72 17 61 40 39 63 41 45 44 8 65 58 25 31 33 41 
61 0 79 59 85 62 12 89 90 17 30 71 105 64 6 50 80 83 45 23 
18 79 0 64 74 28 78 30 29 79 59 47 26 19 83 69 22 28 45 59 
56 59 64 0 26 70 48 52 53 45 66 23 82 64 64 10 81 87 25 59 
72 85 74 26 0 88 75 51 53 71 91 28 84 80 90 35 94 100 48 84 
17 62 28 70 88 0 65 55 54 68 35 61 52 10 65 71 18 22 46 39 
61 12 78 48 75 65 0 84 85 5 37 63 103 65 17 39 82 86 39 29 
40 89 30 52 51 55 84 0 2 83 77 29 33 45 94 60 52 58 45 75 
39 90 29 53 53 54 85 2 0 84 77 31 31 44 95 61 51 57 46 75 
63 17 79 45 71 68 5 83 84 0 41 61 104 68 22 36 85 89 38 33 
41 30 59 66 91 35 37 77 77 41 0 69 84 41 31 62 54 56 43 9 
45 71 47 23 28 61 63 29 31 61 69 0 60 52 77 32 67 73 26 64 
44 105 26 82 84 52 103 33 31 104 84 60 0 44 109 88 38 41 67 85 
8 64 19 64 80 10 65 45 44 68 41 52 44 0 68 66 18 23 40 43 
65 6 83 64 90 65 17 94 95 22 31 77 109 68 0 56 83 86 51 25 
58 50 69 10 35 71 39 60 61 36 62 32 88 66 56 0 83 89 25 54 
25 80 22 81 94 18 82 52 51 85 54 67 38 18 83 83 0 6 58 58 
31 83 28 87 100 22 86 58 57 89 56 73 41 23 86 89 6 0 63 61 
33 45 45 25 48 46 39 45 46 38 43 26 67 40 51 25 58 63 0 38 
41 23 59 59 84 39 29 75 75 33 9 64 85 43 25 54 58 61 38 0 
0 1000
1052 1771
1269 2250
931 1919
273 710
747 1374
144 1116
545 562
1608 2353
1778 2698
1735 2094
2026 2752
413 718
1917 2598
853 1699
1166 1324
1507 1972
1884 2848
1368 2177
696 931
39.98595397620499 88.02231654197699 28.204613295821535 92.1867748134114 94.41813116055908 31.032045720328906 94.39152949958935 43.65221500821289 42.011666868072226 97.99435107202919 58.47441529394369 71.77857264166897 11.453811056618212 33.24936541638216 88.82583858129595 96.84041602625933 15.393118090141321 10.250484458309417 72.40721947462286 65.9415679560031 
51.34563180226017 13.614036928777395 65.18989335222155 72.03284190149274 98.42222792424599 37.18911087416309 23.907357789991824 91.05526570071122 90.5228802032807 27.69296834477455 15.101718703698575 82.70061270119497 84.95977438499823 47.27927963797934 8.111062385487278 63.27866842821743 46.82354835397978 43.56590533115487 56.24215404015559 19.268217328754233 