20
0 25 39 74 55 56 57 16 23 40 42 60 45 30 36 58 68 51 64 29 
25 0 60 80 73 78 78 36 11 63 61 85 67 31 61 82 91 62 85 44 
39 60 0 102 70 20 19 24 52 11 57 38 52 68 19 31 64 79 67 58 
74 80 102 0 40 109 115 87 89 95 48 93 56 49 87 98 71 23 58 46 
55 73 70 40 0 72 79 62 77 61 14 54 18 49 52 60 32 25 19 30 
56 78 20 109 72 0 8 42 71 17 62 26 54 82 23 17 57 87 64 68 
57 78 19 115 79 8 0 42 70 20 68 34 61 85 28 25 65 92 71 73 
16 36 24 87 62 42 42 0 30 27 48 52 47 46 27 47 67 64 66 41 
23 11 52 89 77 71 70 30 0 57 64 81 68 40 56 77 91 69 87 49 
40 63 11 95 61 17 20 27 57 0 48 28 43 66 9 21 53 72 56 52 
42 61 57 48 14 62 68 48 64 48 0 47 10 40 40 51 34 27 25 20 
60 85 38 93 54 26 34 52 81 28 47 0 37 79 25 9 32 74 41 60 
45 67 52 56 18 54 61 47 68 43 10 37 0 48 34 42 26 36 19 28 
30 31 68 49 49 82 85 46 40 66 40 79 48 0 59 79 74 31 64 21 
36 61 19 87 52 23 28 27 56 9 40 25 34 59 0 21 45 64 48 45 
58 82 31 98 60 17 25 47 77 21 51 9 42 79 21 0 41 78 49 62 
68 91 64 71 32 57 65 67 91 53 34 32 26 74 45 41 0 56 13 53 
51 62 79 23 25 87 92 64 69 72 27 74 36 31 64 78 56 0 44 23 
64 85 67 58 19 64 71 66 87 56 25 41 19 64 48 49 13 44 0 44 
29 44 58 46 30 68 73 41 49 52 20 60 28 21 45 62 53 23 44 0 
0 1000
257 741
2221 2485
988 1152
384 641
777 1442
1135 1975
1194 1272
1505 2429
1915 2044
416 477
101 612
649 1393
2120 3060
1626 2600
556 707
2030 2135
937 992
1322 1902
1769 2536
18.67612090319749 8.019069979872729 6.662127740581925 88.38342427800119 72.29389580001505 13.767829800819342 6.019782824645581 10.275224876614997 0.1505640460333746 17.5576165182174 58.074326882536006 40.15777191545404 56.872207597261294 39.12239704189413 25.44669773855499 31.007325086712733 69.99357670392376 68.73514789327207 73.28832117298965 47.5299261271418 
58.10014427797709 80.42066061068708 20.682095775097075 81.76163204347809 44.791369725901895 2.243960360035635 2.01201948026547 44.111757441083675 72.19128590657213 18.382543663236472 45.0200490118269 1.7110659880603563 35.129073648263734 80.2332323858621 22.352612077070056 1.8246668602013405 13.261106648239085 69.57195075135364 25.639061443428 61.474572078116594 