20
0 27 25 27 53 16 49 15 35 36 67 58 61 42 16 5 40 25 38 29 
27 0 44 17 72 36 68 31 61 47 81 41 70 54 43 22 33 27 56 52 
25 44 0 50 29 9 25 39 36 59 42 57 39 20 21 29 36 50 56 11 
27 17 50 0 79 41 75 22 57 32 91 58 82 65 42 22 49 12 45 56 
53 72 29 79 0 38 4 66 49 84 18 74 29 23 45 57 54 78 77 25 
16 36 9 41 38 0 33 31 35 52 50 54 46 27 18 20 33 42 50 17 
49 68 25 75 4 33 0 62 46 80 21 71 29 21 41 53 51 74 74 21 
15 31 39 22 66 31 62 0 35 21 81 69 76 57 23 15 53 14 26 41 
35 61 36 57 49 35 46 35 0 44 67 89 71 55 19 40 69 49 32 28 
36 47 59 32 84 52 80 21 44 0 100 88 97 78 40 36 74 21 16 59 
67 81 42 91 18 50 21 81 67 100 0 74 19 27 61 70 57 92 94 41 
58 41 57 58 74 54 71 69 89 88 74 0 56 51 70 55 22 68 95 68 
61 70 39 82 29 46 29 76 71 97 19 56 0 19 60 64 41 86 95 43 
42 54 20 65 23 27 21 57 55 78 27 51 19 0 42 45 31 67 76 26 
16 43 21 42 45 18 41 23 19 40 61 70 60 42 0 21 50 37 34 20 
5 22 29 22 57 20 53 15 40 36 70 55 64 45 21 0 39 22 40 34 
40 33 36 49 54 33 51 53 69 74 57 22 41 31 50 39 0 56 78 46 
25 27 50 12 78 42 74 14 49 21 92 68 86 67 37 22 56 0 33 54 
38 56 56 45 77 50 74 26 32 16 94 95 95 76 34 40 78 33 0 53 
29 52 11 56 25 17 21 41 28 59 41 68 43 26 20 34 46 54 53 0 
0 1000
1575 1712
34 470
795 1164
1253 2008
897 1320
327 780
1873 2068
596 744
994 1910
1710 2431
1420 1997
2014 2258
1162 1982
663 1629
128 785
1476 2029
476 1157
202 670
1313 2019
34.66391907965851 10.460219148695826 54.08164058971913 7.968015425649366 80.83671692804609 46.17835241583486 76.81856354322788 28.445976568277953 63.251899420607174 21.88479224044696 85.1071257866703 11.3742618758784 67.68781949312555 59.05973903919342 49.56645238036488 29.376647934383193 28.215325096581477 14.057632460822234 37.574290016951096 62.5555039592039 
45.88571142420973 57.435141574193175 60.93248924057002 41.11357584555856 71.99456203321589 57.29305446402561 70.12887159422264 31.972028700058054 26.277832089737263 11.81590129161515 89.36767683181291 98.90439468717793 97.59925887687962 80.63998101930106 40.06960862504734 46.59816945668076 85.29407998971246 30.972050575305367 7.869903193516025 54.66099956957916 