20
0 40 50 51 30 30 46 23 51 45 29 21 38 12 26 42 29 49 18 32 
40 0 82 91 65 70 63 62 77 41 15 58 75 48 42 81 51 63 33 68 
50 82 0 41 60 41 89 49 85 57 67 53 61 55 41 49 32 34 69 60 
51 91 41 0 37 21 67 32 56 83 78 37 31 46 61 15 56 70 64 35 
30 65 60 37 0 20 31 11 26 74 57 9 10 18 53 22 53 73 33 3 
30 70 41 21 20 0 52 12 45 68 59 17 20 25 46 13 42 60 43 20 
46 63 89 67 31 52 0 41 19 88 62 36 36 36 72 52 75 95 34 33 
23 62 49 32 11 12 41 0 37 66 52 5 16 14 44 20 43 62 32 12 
51 77 85 56 26 45 19 37 0 96 74 34 25 39 77 41 78 98 46 25 
45 41 57 83 74 68 88 66 96 0 29 65 82 57 22 81 28 26 54 77 
29 15 67 78 57 59 62 52 74 29 0 49 66 39 27 71 36 48 29 60 
21 58 53 37 9 17 36 5 34 65 49 0 17 10 44 24 44 64 28 12 
38 75 61 31 10 20 36 16 25 82 66 17 0 27 60 16 59 78 43 7 
12 48 55 46 18 25 36 14 39 57 39 10 27 0 38 34 40 60 18 21 
26 42 41 61 53 46 72 44 77 22 27 44 60 38 0 59 9 24 40 56 
42 81 49 15 22 13 52 20 41 81 71 24 16 34 59 0 55 72 52 20 
29 51 32 56 53 42 75 43 78 28 36 44 59 40 9 55 0 20 46 55 
49 63 34 70 73 60 95 62 98 26 48 64 78 60 24 72 20 0 65 74 
18 33 69 64 33 43 34 32 46 54 29 28 43 18 40 52 46 65 0 36 
32 68 60 35 3 20 33 12 25 77 60 12 7 21 56 20 55 74 36 0 
0 1000
1413 1569
1127 1933
1765 2588
578 1246
1581 2165
416 492
1269 2218
1629 1788
285 929
965 1241
536 916
2017 2160
58 400
1044 1337
667 783
194 888
826 988
1859 2183
1923 2321
52.40196249407374 67.29324372761201 75.89478432418498 35.15879798848482 25.294500619058503 39.13283933902123 8.661736547004484 35.67569641979868 1.2590962417801776 96.60685241556568 70.65657384257432 34.66034105734255 19.87928874980688 40.29859481257265 77.98520679348412 27.833635317156215 78.56318046107205 97.91898492993177 42.74656085516659 23.53286283951801 
51.084754135375185 88.12940653058536 6.719508684024634 3.3611693358555406 38.68925990259788 23.781843445260787 65.36754677881925 35.15389284794298 47.92925106257109 59.3129793574932 73.1901102336826 39.928968309885924 30.63976467629318 48.774650211522484 47.46380176597008 16.878795000961087 38.484897254083364 33.22446317922226 66.66551080257034 36.3095432868325 