20
0 56 20 33 10 45 55 46 25 22 68 40 52 7 45 49 51 35 6 67 
56 0 70 27 47 12 43 12 66 76 54 82 4 63 14 71 99 86 58 31 
20 70 0 43 25 60 74 62 10 11 88 53 65 19 61 68 58 17 24 85 
33 27 43 0 23 20 50 23 39 51 64 67 23 40 22 65 82 59 36 51 
10 47 25 23 0 36 51 37 26 30 65 48 43 17 37 52 60 41 14 61 
45 12 60 20 36 0 36 3 57 66 48 70 9 51 3 60 87 76 46 31 
55 43 74 50 51 36 0 33 77 76 14 55 43 58 33 34 74 90 52 23 
46 12 62 23 37 3 33 0 59 67 46 69 10 52 1 59 87 78 47 28 
25 66 10 39 26 57 77 59 0 21 91 62 62 27 59 74 68 21 30 85 
22 76 11 51 30 66 76 67 21 0 88 46 72 18 66 64 49 16 23 89 
68 54 88 64 65 48 14 46 91 88 0 62 54 71 45 39 81 103 65 27 
40 82 53 67 48 70 55 69 62 46 62 0 79 36 68 25 19 61 35 77 
52 4 65 23 43 9 43 10 62 72 54 79 0 59 11 69 96 82 54 33 
7 63 19 40 17 51 58 52 27 18 71 36 59 0 51 48 45 33 6 72 
45 14 61 22 37 3 33 1 59 66 45 68 11 51 0 58 86 77 46 28 
49 71 68 65 52 60 34 59 74 64 39 25 69 48 58 0 43 79 44 57 
51 99 58 82 60 87 74 87 68 49 81 19 96 45 86 43 0 61 46 96 
35 86 17 59 41 76 90 78 21 16 103 61 82 33 77 79 61 0 38 102 
6 58 24 36 14 46 52 47 30 23 65 35 54 6 46 44 46 38 0 66 
67 31 85 51 61 31 23 28 85 89 27 77 33 72 28 57 96 102 66 0 
0 1000
1755 2160
1977 2650
908 1684
1008 1148
136 619
398 1188
719 873
271 580
1249 1475
1132 1249
789 1178
1346 1392
1509 2010
1718 1923
1416 2034
1590 1602
546 671
618 1498
1871 1905
41.75709415809236 32.29864915223145 27.472041003771153 26.082757418641023 37.22928342180462 38.29568852056514 73.96867109379282 40.62827643365217 18.597343364015416 35.58382256102327 85.92905337133291 80.70967544957038 31.65113057126242 45.106842205849354 41.23326757031295 89.41776422352802 83.5994785944334 23.06542200820495 47.27062663515233 62.411299316734556 
68.2191236033162 12.820359454723606 82.2880071727902 39.50920091759323 59.32995225472337 23.492975997350086 24.085853459203076 22.130546628007973 77.38967926148833 89.18007007745294 16.541999356928528 78.71278601083563 16.950990312658277 74.2271439632369 23.033693428156344 54.887606691377634 97.68339255349228 98.33348338778197 68.90364059655508 4.310608726893827 