20
0 75 35 40 77 41 95 65 78 56 18 96 43 19 94 33 39 48 30 10 
75 0 46 57 32 43 49 26 12 42 59 46 79 74 23 65 37 61 78 68 
35 46 0 16 42 7 81 31 45 48 25 80 36 28 62 46 13 25 53 25 
40 57 16 0 43 14 95 35 53 63 36 94 23 25 68 59 28 10 64 30 
77 32 42 43 0 36 81 13 20 66 65 78 63 68 28 80 42 43 91 67 
41 43 7 14 36 0 81 25 40 51 32 80 37 33 56 52 16 22 59 32 
95 49 81 95 81 81 0 73 61 39 78 5 117 103 65 68 68 103 81 93 
65 26 31 35 13 25 73 0 18 54 52 71 57 58 32 67 29 37 78 56 
78 12 45 53 20 40 61 18 0 52 62 58 75 73 17 72 39 56 84 69 
56 42 48 63 66 51 39 54 52 0 39 40 83 66 65 31 35 72 44 55 
18 59 25 36 65 32 78 52 62 39 0 79 48 28 79 23 24 46 28 16 
96 46 80 94 78 80 5 71 58 40 79 0 116 103 61 70 67 102 83 94 
43 79 36 23 63 37 117 57 75 83 48 116 0 23 89 71 49 20 72 35 
19 74 28 25 68 33 103 58 73 66 28 103 23 0 89 49 38 32 49 12 
94 23 62 68 28 56 65 32 17 65 79 61 89 89 0 88 56 69 101 86 
33 65 46 59 80 52 68 67 72 31 23 70 71 49 88 0 39 69 13 37 
39 37 13 28 42 16 68 29 39 35 24 67 49 38 56 39 0 37 49 31 
48 61 25 10 43 22 103 37 56 72 46 102 20 32 69 69 37 0 73 38 
30 78 53 64 91 59 81 78 84 44 28 83 72 49 101 13 49 73 0 37 
10 68 25 30 67 32 93 56 69 55 16 94 35 12 86 37 31 38 37 0 
0 1000
1332 2220
1262 1437
228 806
166 1058
1938 2851
1035 1458
378 997
2140 2818
1998 2433
2216 3188
1808 2264
829 1623
1428 1446
657 1620
512 999
1491 1515
298 313
1143 2064
1620 2414
97.67375033809125 23.55234360918773 69.23578935263865 76.43410165819152 34.11545934093678 64.89162720126946 8.275897417398692 41.13425292480657 24.459011429234668 45.626867276479125 80.0006975142918 5.870844952544152 97.32002654548836 97.3742153483347 8.783357380594815 76.0818374222038 60.28500268369095 76.98367523650175 88.92774726170902 91.66422776002953 
45.5970322088031 59.42601898726011 65.55485660292729 79.36510997453732 89.13237910775182 70.95575775673011 12.667891948366773 78.18438624050194 71.2408249610867 23.87209200687671 43.203453866885575 16.6853869671167 88.50397510011094 65.03517671097538 77.43557320129965 20.531006330092783 56.09619310774827 89.18292661271452 16.70519527887543 54.03523370643859 