20
0 91 17 59 75 97 76 48 98 50 89 77 67 18 73 44 70 84 17 84 
91 0 81 54 72 19 17 64 10 83 11 77 27 73 22 47 60 40 73 42 
17 81 0 43 58 84 68 52 89 34 80 60 55 12 61 34 53 68 15 68 
59 54 43 0 24 48 50 68 64 29 59 28 29 44 32 31 13 27 47 26 
75 72 58 24 0 61 71 92 81 30 79 5 50 62 52 54 12 34 66 32 
97 19 84 48 61 0 32 79 26 78 30 66 29 78 24 53 50 26 80 29 
76 17 68 50 71 32 0 48 22 75 13 76 21 59 19 34 59 44 59 46 
48 64 52 68 92 79 48 0 68 79 57 96 54 40 57 37 81 80 37 82 
98 10 89 64 81 26 22 68 0 92 11 87 36 81 32 55 70 49 81 51 
50 83 34 29 30 78 75 79 92 0 86 29 56 42 60 47 31 54 45 53 
89 11 80 59 79 30 13 57 11 86 0 84 30 71 27 46 67 49 71 51 
77 77 60 28 5 66 76 96 87 29 84 0 56 65 57 59 18 39 69 37 
67 27 55 29 50 29 21 54 36 56 30 56 0 49 5 24 38 27 50 29 
18 73 12 44 62 78 59 40 81 42 71 65 49 0 54 26 55 66 4 67 
73 22 61 32 52 24 19 57 32 60 27 57 5 54 0 29 40 25 56 28 
44 47 34 31 54 53 34 37 55 47 46 59 24 26 29 0 43 45 27 47 
70 60 53 13 12 50 59 81 70 31 67 18 38 55 40 43 0 24 58 23 
84 40 68 27 34 26 44 80 49 54 49 39 27 66 25 45 24 0 69 2 
17 73 15 47 66 80 59 37 81 45 71 69 50 4 56 27 58 69 0 69 
84 42 68 26 32 29 46 82 51 53 51 37 29 67 28 47 23 2 69 0 
0 1000
1507 1921
1714 1840
413 1043
1080 1653
1936 1944
865 1531
685 1011
936 1824
72 283
1205 1610
483 1171
568 1039
1342 1881
335 880
176 1063
1813 2039
1602 2240
769 1750
269 270
59.07876468637815 11.11820699936088 63.9675065780582 62.29735623001077 82.69530404420034 25.243186294774134 12.747525836297434 12.36466920933319 1.655893922942564 85.78120801359059 3.8708413606360015 88.04253952467374 33.25401933470068 52.032179289020384 31.00694902554524 38.88231909810161 70.63193426417116 50.7094535100484 49.390321312667695 52.98624853869446 
91.63925870405095 14.492259565327304 75.28755446765331 32.35329931858164 20.258621743224126 1.2323931940262711 31.19443237232382 78.89665481573161 11.875321399411675 49.76657271082002 22.156355597385293 20.407566009363777 29.474426645561014 74.71548647382184 24.544432336879662 52.381771076336726 22.707456192288323 8.513890658936463 77.07243560042258 7.899329852312242 