20
0 67 53 44 63 67 12 24 9 52 25 37 39 68 59 31 34 33 34 59 
67 0 33 110 90 2 56 60 75 60 89 38 31 20 13 45 71 89 90 31 
53 33 0 92 99 31 45 59 57 73 78 44 18 49 20 48 42 83 65 6 
44 110 92 0 80 110 55 59 36 85 27 79 82 110 102 72 57 41 35 98 
63 90 99 80 0 92 60 42 68 31 56 56 81 76 92 51 96 39 93 103 
67 2 31 110 92 0 55 61 74 61 89 39 30 22 11 45 69 89 89 29 
12 56 45 55 60 55 0 18 20 44 34 25 30 56 49 20 37 38 43 51 
24 60 59 59 42 61 18 0 32 28 33 23 42 54 57 16 55 28 58 64 
9 75 57 36 68 74 20 32 0 60 22 46 46 76 66 40 31 35 26 64 
52 60 73 85 31 61 44 28 60 0 58 28 55 45 63 27 81 47 86 76 
25 89 78 27 56 89 34 33 22 58 0 55 64 86 83 48 53 17 41 84 
37 38 44 79 56 39 25 23 46 28 55 0 27 32 37 7 57 51 68 48 
39 31 18 82 81 30 30 42 46 55 64 27 0 40 20 30 40 67 59 22 
68 20 49 110 76 22 56 54 76 45 86 32 40 0 31 39 80 82 96 49 
59 13 20 102 92 11 49 57 66 63 83 37 20 31 0 43 58 85 79 18 
31 45 48 72 51 45 20 16 40 27 48 7 30 39 43 0 55 44 64 52 
34 71 42 57 96 69 37 55 31 81 53 57 40 80 58 55 0 66 24 48 
33 89 83 41 39 89 38 28 35 47 17 51 67 82 85 44 66 0 57 89 
34 90 65 35 93 89 43 58 26 86 41 68 59 96 79 64 24 57 0 71 
59 31 6 98 103 29 51 64 64 76 84 48 22 49 18 52 48 89 71 0 
0 1000
1353 2176
1392 2025
507 743
1553 1790
1777 2124
1670 2391
1268 1620
400 1369
830 1828
682 1656
319 1096
1810 1907
1127 2042
137 645
62 757
956 1658
1958 2261
551 570
226 424
36.46376806412568 92.66585130901912 88.99999962669945 1.6095680380660449 4.1295826294637905 93.60486028651324 44.18131016999269 33.51896415593426 32.72045828730696 35.18362236563696 11.478227728796108 55.16190248259244 73.58073630700183 79.93821107826543 90.8691638779697 48.546952291846026 58.46152470792142 6.605217334956858 35.768996546982144 94.86469018355068 
62.14625018774432 25.768385502649103 58.82120784798725 88.24375468676433 8.056779233778034 28.059174821436685 53.24692848304217 38.290787358866375 70.10797094560117 10.136584881968568 63.34889285019166 30.279785700154726 49.948108575046014 10.491117358215362 39.0160598333039 33.37915330511137 87.48977472823209 47.3018537238235 95.8334322260694 56.73045392432673 