20
0 39 90 34 13 58 70 94 28 48 56 40 37 18 96 99 82 81 44 79 
39 0 61 33 33 48 33 75 18 25 28 2 7 28 80 70 57 72 45 41 
90 61 0 94 78 43 35 25 62 42 79 59 58 72 36 9 10 44 58 61 
34 33 94 0 40 76 64 107 40 56 30 35 37 39 111 103 89 100 67 60 
13 33 78 40 0 45 62 81 18 37 56 34 29 6 83 87 70 68 31 75 
58 48 43 76 45 0 49 38 36 25 76 47 42 41 38 50 33 24 17 76 
70 33 35 64 62 49 0 57 43 29 45 32 33 55 65 43 36 65 57 28 
94 75 25 107 81 38 57 0 69 51 98 73 69 76 10 25 21 24 54 85 
28 18 62 40 18 36 43 69 0 20 46 18 12 12 72 71 55 60 28 58 
48 25 42 56 37 25 29 51 20 0 51 23 19 31 56 50 35 47 29 51 
56 28 79 30 56 76 45 98 46 51 0 29 35 52 105 87 78 98 73 32 
40 2 59 35 34 47 32 73 18 23 29 0 6 28 79 68 55 70 45 41 
37 7 58 37 29 42 33 69 12 19 35 6 0 23 74 67 52 65 38 46 
18 28 72 39 6 41 55 76 12 31 52 28 23 0 78 81 64 64 28 69 
96 80 36 111 83 38 65 10 72 56 105 79 74 78 0 35 30 19 54 94 
99 70 9 103 87 50 43 25 71 50 87 68 67 81 35 0 17 47 66 68 
82 57 10 89 70 33 36 21 55 35 78 55 52 64 30 17 0 35 49 64 
81 72 44 100 68 24 65 24 60 47 98 70 65 64 19 47 35 0 37 93 
44 45 58 67 31 17 57 54 28 29 73 45 38 28 54 66 49 37 0 80 
79 41 61 60 75 76 28 85 58 51 32 41 46 69 94 68 64 93 80 0 
0 1000
1563 1965
1674 1953
68 899
1208 1244
353 544
536 573
1423 2052
1258 1331
1921 2696
782 838
1820 2670
142 966
896 1172
1053 1767
261 796
975 1641
658 794
1136 1726
440 603
3.3900228341390837 40.099169108353216 90.65168637600691 13.36281872002898 13.68321296579632 49.746228536143924 73.07793349944812 85.3435849731188 31.662676711572402 50.97677215297834 41.752661235606126 41.50230012486087 39.77773418742893 20.087223890649486 81.2060582075473 98.74447172246839 81.48014403595067 62.6852788276636 33.253529948180315 73.09972397497918 
43.21788538349609 30.189618330047207 64.60896811259256 11.033214027972049 50.73056232050306 77.5564726501362 33.93979501028369 89.53537253292191 46.544246080650375 52.21539657821735 2.1390616106732208 31.15925831089158 37.151887793013 49.77342567182358 98.92785927905561 68.25962081116997 68.95585445648348 98.10719859911555 74.91321310854303 5.726185570879916 