20
0 115 63 83 73 59 81 119 39 57 8 80 89 113 82 73 62 67 39 19 
115 0 73 89 90 65 61 17 82 95 107 96 37 18 53 45 75 90 77 116 
63 73 0 100 94 60 19 85 55 85 56 102 37 81 74 31 73 89 32 54 
83 89 100 0 10 40 106 80 51 27 80 8 94 74 37 79 27 16 73 98 
73 90 94 10 0 35 102 83 43 17 70 8 91 77 37 76 21 6 66 89 
59 65 60 40 35 0 67 64 21 32 53 43 57 57 22 41 14 31 35 69 
81 61 19 106 102 67 0 75 67 96 74 110 24 72 75 28 80 97 46 73 
119 17 85 80 83 64 75 0 83 91 112 88 51 7 47 55 72 84 84 123 
39 82 55 51 43 21 67 83 0 31 33 51 65 76 43 47 25 37 24 50 
57 95 85 27 17 32 96 91 31 0 55 23 89 84 44 72 20 11 55 73 
8 107 56 80 70 53 74 112 33 55 0 77 81 105 75 65 57 64 31 19 
80 96 102 8 8 43 110 88 51 23 77 0 98 82 43 84 29 14 74 96 
89 37 37 94 91 57 24 51 65 89 81 98 0 48 59 18 71 88 51 86 
113 18 81 74 77 57 72 7 76 84 105 82 48 0 40 50 65 77 77 117 
82 53 74 37 37 22 75 47 43 44 75 43 59 40 0 47 25 37 55 91 
73 45 31 79 76 41 28 55 47 72 65 84 18 50 47 0 55 72 34 72 
62 75 73 27 21 14 80 72 25 20 57 29 71 65 25 55 0 17 46 74 
67 90 89 16 6 31 97 84 37 11 64 14 88 77 37 72 17 0 60 83 
39 77 32 73 66 35 46 84 24 55 31 74 51 77 55 34 46 60 0 40 
19 116 54 98 89 69 73 123 50 73 19 96 86 117 91 72 74 83 40 0 
0 1000
974 1251
254 1134
1753 2443
484 1411
1177 2167
1053 1459
600 1355
1219 1435
754 1498
69 787
1919 2500
294 562
1599 2104
1849 1862
190 719
1443 2002
1950 2302
828 1547
1326 1755
83.11287799794084 17.368401894430384 83.37614444060503 0.3213925489628289 9.77624224969964 32.54778049511739 76.41661110525435 1.6047132487163274 49.74545791718362 25.982817553544045 80.01221337940817 3.1071756076327395 52.999866600377175 4.702976499915989 12.737498076260989 52.644805823860665 24.556159480331196 16.15443914871172 67.42634514720753 98.51530806012038 
96.610816913705 2.279897524787966 33.59120046445692 89.833258968083 92.3830807105053 65.92807904816358 15.66887442069561 9.392064608059947 77.12823210830447 96.77996780355531 89.35519781320804 97.26620220197694 12.492530716937111 15.691161161677647 55.27662903997857 30.023544723454908 77.23173212769206 92.05751288679551 61.03251765657773 85.62928411425396 