20
0 29 14 18 76 7 65 33 47 88 48 77 24 72 29 50 87 50 83 13 
29 0 18 11 72 31 52 16 37 66 41 48 21 47 56 36 61 22 65 16 
14 18 0 11 66 19 53 29 35 74 36 65 24 59 37 37 74 40 70 10 
18 11 11 0 75 19 58 17 42 76 45 59 14 58 46 42 72 32 73 5 
76 72 66 75 0 83 28 88 35 54 31 87 89 61 73 39 74 84 42 76 
7 31 19 19 83 0 71 31 53 93 54 78 20 76 33 56 91 50 89 14 
65 52 53 58 28 71 0 68 18 32 20 59 71 33 74 16 47 59 21 60 
33 16 29 17 88 31 68 0 54 79 58 52 12 59 62 52 70 22 79 21 
47 37 35 42 35 53 18 54 0 46 6 59 55 39 57 8 55 50 38 43 
88 66 74 76 54 93 32 79 46 0 50 46 86 21 103 39 23 62 13 80 
48 41 36 45 31 54 20 58 6 50 0 65 58 44 54 13 60 56 41 46 
77 48 65 59 87 78 59 52 59 46 65 0 63 28 102 52 26 29 55 64 
24 21 24 14 89 20 71 12 55 86 58 63 0 67 53 56 79 33 85 14 
72 47 59 58 61 76 33 59 39 21 44 28 67 0 92 31 16 41 27 63 
29 56 37 46 73 33 74 62 57 103 54 102 53 92 0 63 108 78 95 42 
50 36 37 42 39 56 16 52 8 39 13 52 56 31 63 0 47 46 33 45 
87 61 74 72 74 91 47 70 55 23 60 26 79 16 108 47 0 49 35 77 
50 22 40 32 84 50 59 22 50 62 56 29 33 41 78 46 49 0 65 37 
83 65 70 73 42 89 21 79 38 13 41 55 85 27 95 33 35 65 0 77 
13 16 10 5 76 14 60 21 43 80 46 64 14 63 42 45 77 37 77 0 
0 1000
1916 2372
1998 2688
815 1175
463 1003
1267 1753
1664 2370
1117 1514
1700 2298
198 718
917 1522
1351 2023
560 1249
169 567
1544 2079
1006 1258
1837 1985
312 472
665 765
1175 1591
11.380044894989073 32.37097743019359 24.580099901910057 22.32198225465678 77.78257776756647 5.7219756772197155 75.80193361538551 20.978297563065652 57.71031921341317 98.03602762514862 56.940468871361205 68.995975242298 12.270491845743624 79.50929851414355 4.8604363310603915 61.79581819979777 90.76560629623673 41.479922591033 94.6188977835093 18.51166443681036 
41.1855725848808 60.833047744778476 44.2055441739496 55.45872874341755 4.725638059510628 45.55335848448704 32.647640267072205 72.50630378024805 33.34810344214383 55.22722602553271 27.397790355119533 91.53623511962753 64.93839435046446 65.71395320659738 12.464227605705569 39.782487787134045 77.35862646300323 80.90813279337212 42.78360203446427 51.9101087964142 