20
0 50 69 21 25 9 95 29 78 58 63 97 83 55 38 74 43 18 32 51 
50 0 30 66 63 52 46 30 31 9 26 49 37 29 47 31 60 32 32 11 
69 30 0 78 71 67 36 40 18 25 6 35 20 16 47 50 59 51 61 40 
21 66 78 0 11 15 109 38 91 74 72 110 96 63 37 93 34 34 53 69 
25 63 71 11 0 17 104 33 85 70 66 105 90 55 27 92 23 33 55 68 
9 52 67 15 17 0 96 26 78 60 61 98 83 52 32 78 34 20 39 55 
95 46 36 109 104 96 0 71 19 37 40 6 16 51 81 39 94 77 75 49 
29 30 40 38 33 26 71 0 53 37 35 72 57 26 19 61 31 15 37 38 
78 31 18 91 85 78 19 53 0 22 22 20 6 32 62 37 75 60 62 37 
58 9 25 74 70 60 37 37 22 0 23 40 28 28 52 28 65 41 40 16 
63 26 6 72 66 61 40 35 22 23 0 40 25 11 41 49 54 45 56 37 
97 49 35 110 105 98 6 72 20 40 40 0 15 51 81 45 94 79 79 53 
83 37 20 96 90 83 16 57 6 28 25 15 0 36 66 42 78 66 68 43 
55 29 16 63 55 52 51 26 32 28 11 51 36 0 30 56 43 39 54 39 
38 47 47 37 27 32 81 19 62 52 41 81 66 30 0 78 13 31 55 56 
74 31 50 93 92 78 39 61 37 28 49 45 42 56 78 0 91 59 46 24 
43 60 59 34 23 34 94 31 75 65 54 94 78 43 13 91 0 40 65 68 
18 32 51 34 33 20 77 15 60 41 45 79 66 39 31 59 40 0 25 35 
32 32 61 53 55 39 75 37 62 40 56 79 68 54 55 46 65 25 0 27 
51 11 40 69 68 55 49 38 37 16 37 53 43 39 56 24 68 35 27 0 
0 1000
1428 2261
939 1786
62 251
1359 1951
1317 1612
518 758
704 820
764 1163
251 352
1218 1655
428 833
318 419
1170 1852
120 256
1525 2507
839 1727
638 955
1640 2532
1039 1340
8.483897045470057 36.724180752345916 66.40356571447097 12.874999270694342 23.55416249305816 14.816410515979284 69.64176109958589 35.60187509807776 63.982392558396214 43.59114753820082 61.652617606166075 75.09394355756473 69.89711515425489 58.69166663218667 46.427617365072926 30.3389421522679 46.79029453429055 21.005856297774926 5.827769838731567 27.98980817204636 
73.96050962087506 33.15459182201952 37.289093888670536 94.39115179645054 94.30971857902884 79.77187570469061 1.5285241901873081 63.56997463006453 19.343875804414033 27.49565999642475 40.9409948868016 3.107718828630912 17.635423614590284 51.391862411043086 79.28460352724885 2.847487380908831 92.46771429681144 61.264973047776905 41.839529915693575 26.642012701605633 