20
0 40 46 75 68 44 99 40 65 19 23 19 79 33 67 30 46 18 78 18 
40 0 65 86 28 13 73 8 64 41 60 22 66 49 37 25 19 51 66 47 
46 65 0 29 89 58 83 70 31 65 62 54 52 16 101 70 54 63 50 28 
75 86 29 0 106 76 78 93 27 94 91 80 45 43 123 96 70 92 43 57 
68 28 89 106 0 31 69 28 80 65 86 49 76 74 28 46 36 77 76 74 
44 13 58 76 31 0 61 21 52 49 66 28 53 43 48 36 7 58 53 45 
99 73 83 78 69 61 0 81 54 109 122 87 33 79 97 97 56 116 35 91 
40 8 70 93 28 21 81 0 71 37 57 22 75 54 31 19 28 49 74 50 
65 64 31 27 80 52 54 71 0 82 85 63 21 34 100 79 46 83 20 50 
19 41 65 94 65 49 109 37 82 0 22 22 93 51 56 19 53 13 92 37 
23 60 62 91 86 66 122 57 85 22 0 38 101 51 78 41 68 9 100 36 
19 22 54 80 49 28 87 22 63 22 38 0 72 38 50 17 31 31 72 30 
79 66 52 45 76 53 33 75 21 93 101 72 0 52 100 87 47 97 2 67 
33 49 16 43 74 43 79 54 34 51 51 38 52 0 85 54 40 50 50 16 
67 37 101 123 28 48 97 31 100 56 78 50 100 85 0 38 54 69 100 79 
30 25 70 96 46 36 97 19 79 19 41 17 87 54 38 0 42 32 86 45 
46 19 54 70 36 7 56 28 46 53 68 31 47 40 54 42 0 61 47 44 
18 51 63 92 77 58 116 49 83 13 9 31 97 50 69 32 61 0 96 35 
78 66 50 43 76 53 35 74 20 92 100 72 2 50 100 86 47 96 0 65 
18 47 28 57 74 45 91 50 50 37 36 30 67 16 79 45 44 35 65 0 
0 1000
629 766
187 985
1359 1662
529 1099
1118 1146
460 1057
1865 1907
1630 2273
716 1009
924 928
1020 1872
338 629
1750 1962
814 1264
1218 2148
1496 1588
90 437
1948 2373
1569 1683
79.58887228836838 70.11350067915455 35.972314809326235 6.987879249865758 68.97722058717015 57.30394458818313 0.11078380299468504 78.44844695176572 15.038292678210418 96.65328874676864 97.84417073264889 77.21469007070407 5.128045795827651 47.259441740769205 97.20315083978981 91.8164772520436 51.081726120479395 97.49252399323649 5.9050885242949995 62.84145210195735 
29.192132190873675 68.37246079396179 13.623525272699844 10.464416077465321 96.095690085445 67.08490077576795 88.26912115631819 69.58526478073084 36.55312479419116 37.740318938185546 15.53148772374776 47.977642003540346 55.486351458543936 25.159521497131976 93.7964876090211 56.346112328911516 65.0840360194724 24.7728885568413 53.796276723430836 22.19122716073205 