20
0 73 84 100 52 57 69 76 102 109 33 77 67 67 41 89 41 47 67 49 
73 0 51 31 21 59 35 29 33 38 68 43 46 64 36 82 38 35 23 55 
84 51 0 48 57 33 19 22 48 56 59 9 93 29 47 35 46 40 31 38 
100 31 48 0 51 71 42 32 2 10 88 44 74 72 60 83 61 56 36 70 
52 21 57 51 0 51 38 37 53 58 52 48 38 60 20 81 23 24 27 45 
57 59 33 71 51 0 28 39 71 80 27 30 88 11 33 34 30 28 37 8 
69 35 19 42 38 28 0 11 43 52 48 10 75 31 29 47 28 23 13 29 
76 29 22 32 37 39 11 0 33 41 58 15 72 41 35 55 35 29 11 39 
102 33 48 2 53 71 43 33 0 9 90 44 76 73 62 83 62 58 38 72 
109 38 56 10 58 80 52 41 9 0 98 53 78 81 69 91 70 65 46 80 
33 68 59 88 52 27 48 58 90 98 0 54 82 36 33 57 30 33 52 21 
77 43 9 44 48 30 10 15 44 53 54 0 85 29 39 41 38 32 22 33 
67 46 93 74 38 88 75 72 76 78 82 85 0 97 55 119 58 60 63 81 
67 64 29 72 60 11 31 41 73 81 36 29 97 0 42 23 39 37 42 19 
41 36 47 60 20 33 29 35 62 69 33 39 55 42 0 65 3 7 25 26 
89 82 35 83 81 34 47 55 83 91 57 41 119 23 65 0 62 59 60 42 
41 38 46 61 23 30 28 35 62 70 30 38 58 39 3 62 0 6 25 23 
47 35 40 56 24 28 23 29 58 65 33 32 60 37 7 59 6 0 20 22 
67 23 31 36 27 37 13 11 38 46 52 22 63 42 25 60 25 20 0 35 
49 55 38 70 45 8 29 39 72 80 21 33 81 19 26 42 23 22 35 0 
0 1000
1757 1945
251 346
600 1391
386 790
437 767
1357 1893
769 1702
567 1540
189 540
1521 2427
1206 2090
981 1084
1084 1504
1652 1970
1304 1906
811 1248
914 1891
694 844
1447 2360
26.874019966895347 80.72750166433099 42.43014926840566 89.93448977727867 67.8402786055183 22.692264702939426 49.495114434301094 59.63598139435881 90.06709278635805 98.68032134874217 15.537813415889602 46.37462291599383 93.5389932887128 18.817183616561483 47.737589160604884 7.827553605889969 45.02517472920229 46.542391347310556 59.92871699274289 25.652423594022245 
6.350423287043217 55.197144675090094 89.16415013583092 84.46039813212876 38.660503900606514 62.849204024940796 71.42362132180713 74.81454533275286 86.73934235838378 88.27410104242304 37.15045538838745 81.15304971374513 10.927417499698988 72.93732528450619 42.02950121679787 93.6679486232223 43.5001689804389 48.93325891085044 64.06062996446892 55.57253692449119 