20
0 34 48 48 27 57 51 98 34 45 20 32 35 23 44 60 43 78 48 68 
34 0 56 20 28 25 60 65 31 64 24 47 44 43 14 26 32 44 39 33 
48 56 0 50 71 79 4 116 77 17 63 80 14 25 53 70 83 85 27 80 
48 20 50 0 48 33 53 66 51 62 44 67 41 47 6 20 52 36 25 30 
27 28 71 48 0 41 74 78 6 71 8 20 57 49 43 51 16 68 62 55 
57 25 79 33 41 0 83 41 39 88 42 60 68 68 27 18 34 29 57 17 
51 60 4 53 74 83 0 119 80 18 66 83 17 28 56 73 87 88 30 83 
98 65 116 66 78 41 119 0 75 127 81 95 106 108 63 46 66 35 91 37 
34 31 77 51 6 39 80 75 0 78 14 21 63 55 45 51 10 67 66 55 
45 64 17 62 71 88 18 127 78 0 63 76 22 22 64 82 86 98 43 91 
20 24 63 44 8 42 66 81 14 63 0 23 49 41 38 49 23 67 55 55 
32 47 80 67 20 60 83 95 21 76 23 0 67 56 62 71 29 87 77 75 
35 44 14 41 57 68 17 106 63 22 49 67 0 14 43 60 70 77 23 70 
23 43 25 47 49 68 28 108 55 22 41 56 14 0 46 64 63 82 35 74 
44 14 53 6 43 27 56 63 45 64 38 62 43 46 0 18 46 36 30 28 
60 26 70 20 51 18 73 46 51 82 49 71 60 64 18 0 48 19 45 10 
43 32 83 52 16 34 87 66 10 86 23 29 70 63 46 48 0 62 70 50 
78 44 85 36 68 29 88 35 67 98 67 87 77 82 36 19 62 0 58 12 
48 39 27 25 62 57 30 91 66 43 55 77 23 35 30 45 70 58 0 54 
68 33 80 30 55 17 83 37 55 91 55 75 70 74 28 10 50 12 54 0 
0 1000
1830 2317
752 978
1312 1841
893 1471
1611 2313
636 943
249 511
1543 2036
1244 1855
488 1077
959 1782
92 587
1432 2045
435 972
1088 2056
1871 2523
1717 2216
697 1062
310 1038
59.23265604923284 64.07969509704525 12.750723144453435 47.78856452982393 83.30331360619297 79.44792917842553 9.31705329007696 97.44655278216932 89.23247448676331 14.990257469845858 75.45586110843436 91.3457371291213 26.278195763789636 35.81188199706391 53.88675634473458 62.461706677145465 94.86241926934692 64.55554677355836 25.53357147619798 69.3023438135526 
8.264175823276421 42.259237702013166 18.82320168094873 54.401501748484705 21.529106484650782 62.00259586537137 18.096864511380794 98.34676389375012 24.186126418643795 1.4710067878781152 20.689770051183586 3.478771420079718 19.880563192350074 9.463898727155751 52.26873356348152 68.06004919394584 32.079762039480265 86.44677258878868 42.90929733154529 75.07278958011888 