20
0 52 75 71 53 28 26 61 37 20 63 69 46 11 58 34 57 66 64 64 
52 0 49 32 42 37 51 35 25 64 15 37 32 59 20 84 35 29 58 52 
75 49 0 22 89 47 55 15 40 73 37 85 79 75 29 108 84 21 25 17 
71 32 22 0 73 46 58 17 34 75 18 66 63 75 14 106 66 6 42 34 
53 42 89 73 0 60 69 75 55 72 56 22 11 63 61 71 10 71 94 89 
28 37 47 46 60 0 13 33 13 29 42 68 50 29 35 61 59 41 38 37 
26 51 55 58 69 13 0 43 27 18 55 80 60 22 48 55 70 52 40 41 
61 35 15 17 75 33 43 0 24 61 27 73 64 62 17 94 70 13 26 18 
37 25 40 34 55 13 27 24 0 42 29 59 45 41 22 71 53 29 38 34 
20 64 73 75 72 29 18 61 42 0 71 87 64 9 64 39 75 70 56 59 
63 15 37 18 56 42 55 27 29 71 0 48 46 68 10 96 49 17 52 45 
69 37 85 66 22 68 80 73 59 87 48 0 23 79 56 92 13 65 95 89 
46 32 79 63 11 50 60 64 45 64 46 23 0 56 50 69 11 60 83 78 
11 59 75 75 63 29 22 62 41 9 68 79 56 0 63 33 68 69 61 63 
58 20 29 14 61 35 48 17 22 64 10 56 50 63 0 92 54 10 42 35 
34 84 108 106 71 61 55 94 71 39 96 92 69 33 92 0 79 100 94 96 
57 35 84 66 10 59 70 70 53 75 49 13 11 68 54 79 0 64 90 85 
66 29 21 6 71 41 52 13 29 70 17 65 60 69 10 100 64 0 38 30 
64 58 25 42 94 38 40 26 38 56 52 95 83 61 42 94 90 38 0 8 
64 52 17 34 89 37 41 18 34 59 45 89 78 63 35 96 85 30 8 0 
0 1000
371 1309
608 1449
1488 2205
1596 2281
2010 2942
470 927
937 1186
896 910
776 1488
1352 1483
243 508
1246 1334
1049 1611
1971 2092
1734 1913
1904 2510
114 414
1129 1714
1434 1852
72.80828942910631 50.98290578447706 4.893075686813253 19.31828232001519 92.55704400183075 46.95010197304411 47.25247141684876 20.032483677443324 43.55011122158662 60.779742988100494 36.507217801263266 81.67197890664147 82.53436606535985 67.90192154910747 32.20448776504903 98.94235487944634 84.80251828574339 22.23171586367233 8.917557137486476 10.28873701422649 
28.787562679414357 76.11248826572017 60.20975281012172 76.20866042469278 77.78234761530356 39.043506341474995 25.620452084950905 58.75003160335153 52.04352779499033 13.317931611441637 79.92504084339939 97.3070113447519 73.89704785445794 19.35065525520917 70.71107722151217 6.873449687790423 84.84906434887472 71.37972932551625 35.60755712059366 43.77927549839714 