20
0 70 25 62 33 87 57 75 77 18 53 30 52 26 75 47 14 12 69 67 
70 0 61 15 94 55 101 6 46 68 64 62 30 47 6 48 66 70 6 37 
25 61 0 58 58 93 81 67 83 9 69 48 54 33 64 58 11 36 62 72 
62 15 58 0 83 44 88 17 34 64 49 50 16 38 20 34 61 60 10 23 
33 94 58 83 0 92 29 98 84 50 50 34 68 47 99 55 47 25 92 78 
87 55 93 44 92 0 82 53 10 96 42 61 40 62 59 40 92 79 49 22 
57 101 81 88 29 82 0 104 78 75 42 41 72 59 107 54 71 46 98 76 
75 6 67 17 98 53 104 0 45 74 66 66 32 52 6 51 72 75 7 36 
77 46 83 34 84 10 78 45 0 86 36 52 29 52 51 31 82 70 40 12 
18 68 9 64 50 96 75 74 86 0 68 45 58 34 72 58 4 30 69 75 
53 64 69 49 50 42 42 66 36 68 0 24 35 36 70 16 63 43 59 34 
30 62 48 50 34 61 41 66 52 45 24 0 35 19 68 22 40 19 59 45 
52 30 54 16 68 40 72 32 29 58 35 35 0 26 35 19 54 48 25 18 
26 47 33 38 47 62 59 52 52 34 36 19 26 0 53 25 30 23 46 42 
75 6 64 20 99 59 107 6 51 72 70 68 35 53 0 54 70 75 11 42 
47 48 58 34 55 40 54 51 31 58 16 22 19 25 54 0 54 39 44 24 
14 66 11 61 47 92 71 72 82 4 63 40 54 30 70 54 0 26 67 71 
12 70 36 60 25 79 46 75 70 30 43 19 48 23 75 39 26 0 69 61 
69 6 62 10 92 49 98 7 40 69 59 59 25 46 11 44 67 69 0 31 
67 37 72 23 78 22 76 36 12 75 34 45 18 42 42 24 71 61 31 0 
0 1000
1074 1785
118 344
649 1646
299 601
1754 2439
257 779
1548 1892
1684 2259
790 1357
945 1298
893 1081
696 1307
1136 1250
474 845
1604 2366
1196 1835
1422 1654
575 1569
1333 1447
36.900530827248254 18.665824816563326 13.093713878205293 32.307026033368416 67.55520253281348 72.51550159063433 93.99558204042353 20.085556259645042 64.89916224665797 18.888014966520338 75.064747699819 58.82304062942754 43.667767118744074 40.63859051884562 14.300347027904625 59.615540553524184 22.81859962293431 48.551123788926255 24.73354000843859 55.35624675799403 
80.70742228022156 13.400756513957868 73.77351236876322 18.58349237704099 93.3208250711422 1.8349803709510448 81.14379561047895 7.416996705394419 9.04730033042538 81.13238188864977 43.49437543836766 60.91703758664204 29.162104290984647 55.319469954493236 9.490108258051666 39.37707021636716 79.00672026536662 76.75068021150318 12.400328028116192 15.92716841461762 