20
0 41 45 25 69 36 32 30 38 29 63 21 48 53 55 27 37 73 9 15 
41 0 68 61 73 72 48 67 73 67 90 40 89 71 81 50 16 58 40 31 
45 68 0 63 34 24 20 64 24 61 23 65 52 11 14 71 53 57 37 41 
25 61 63 0 91 46 55 7 47 9 75 23 42 73 70 17 60 98 33 40 
69 73 34 91 0 57 37 94 58 92 46 87 86 24 40 95 57 33 60 58 
36 72 24 46 57 0 32 45 1 42 29 55 28 34 25 58 61 78 32 41 
32 48 20 55 37 32 0 58 33 56 43 51 58 25 34 58 33 48 23 23 
30 67 64 7 94 45 58 0 46 4 74 29 37 74 70 23 66 103 37 45 
38 73 24 47 58 1 33 46 0 43 28 57 28 34 24 59 62 79 34 43 
29 67 61 9 92 42 56 4 43 0 71 31 34 72 66 25 65 101 36 44 
63 90 23 75 46 29 43 74 28 71 0 83 50 25 9 86 76 76 56 63 
21 40 65 23 87 55 51 29 57 31 83 0 61 74 75 10 43 86 28 29 
48 89 52 42 86 28 58 37 28 34 50 61 0 62 50 58 82 106 50 60 
53 71 11 73 24 34 25 74 34 72 25 74 62 0 17 80 56 51 45 48 
55 81 14 70 40 25 34 70 24 66 9 75 50 17 0 80 67 68 48 54 
27 50 71 17 95 58 58 23 59 25 86 10 58 80 80 0 54 96 35 38 
37 16 53 60 57 61 33 66 62 65 76 43 82 56 67 54 0 45 33 23 
73 58 57 98 33 78 48 103 79 101 76 86 106 51 68 96 45 0 66 59 
9 40 37 33 60 32 23 37 34 36 56 28 50 45 48 35 33 66 0 10 
15 31 41 40 58 41 23 45 43 44 63 29 60 48 54 38 23 59 10 0 
0 1000
1053 1727
363 558
912 1632
1475 1700
102 187
1329 1803
54 774
1683 2062
840 1399
482 890
1562 1846
762 842
1400 1949
1279 1890
1848 2819
221 594
645 871
1188 1744
1791 2559
46.99341479030645 5.5553707470721525 56.154695604484964 63.38718310481472 31.403833764036847 72.06312012733925 40.662131179874514 70.06973251211568 73.14454234905732 71.26046440986103 76.40006668492944 40.87454119783763 94.47835590080653 51.625371810522324 68.12256185864982 48.57162626973901 12.64842944099348 0.4122681245188109 44.92132789022046 34.68631729613387 
31.24566189183351 30.11577260487406 74.80969237118833 12.333486899491252 98.00217670930141 57.35805656191374 62.40633307995225 12.28274302350637 58.141698865601555 15.580706645888398 86.41618241635149 11.626225298595017 39.98335992748673 84.44920817957295 81.8854779383322 4.522962020407817 44.30033181492098 87.7786700602224 39.54800844533464 39.7197352386522 