20
0 34 64 36 40 70 32 31 66 4 42 32 82 43 51 96 65 60 86 26 
34 0 50 37 41 39 38 11 35 38 24 13 54 39 18 62 48 27 53 35 
64 50 0 86 90 76 35 61 37 65 74 39 35 23 57 83 6 41 80 80 
36 37 86 0 4 52 62 26 70 40 20 47 90 70 43 82 85 62 70 11 
40 41 90 4 0 54 66 30 74 43 23 51 94 74 46 84 89 66 71 14 
70 39 76 52 54 0 75 39 42 74 32 50 59 74 22 30 71 35 18 58 
32 38 35 62 66 75 0 44 52 31 59 25 62 12 54 94 39 50 87 54 
31 11 61 26 30 39 44 0 45 35 15 22 64 48 21 66 59 37 55 25 
66 35 37 70 74 42 52 45 0 68 53 34 20 44 29 46 31 8 44 70 
4 38 65 40 43 74 31 35 68 0 46 34 84 43 55 100 67 63 90 29 
42 24 74 20 23 32 59 15 53 46 0 37 72 63 24 62 72 44 50 26 
32 13 39 47 51 50 25 22 34 34 37 0 50 26 28 70 38 29 62 42 
82 54 35 90 94 59 62 64 20 84 72 50 0 51 49 55 28 28 57 89 
43 39 23 70 74 74 12 48 44 43 63 26 51 0 52 89 26 44 83 62 
51 18 57 43 46 22 54 21 29 55 24 28 49 52 0 45 54 21 35 45 
96 62 83 82 84 30 94 66 46 100 62 70 55 89 45 0 77 45 13 87 
65 48 6 85 89 71 39 59 31 67 72 38 28 26 54 77 0 36 75 80 
60 27 41 62 66 35 50 37 8 63 44 29 28 44 21 45 36 0 40 62 
86 53 80 70 71 18 87 55 44 90 50 62 57 83 35 13 75 40 0 75 
26 35 80 11 14 58 54 25 70 29 26 42 89 62 45 87 80 62 75 0 
0 1000
1810 2313
1071 1843
1409 1923
696 1021
116 831
808 1803
1510 2507
946 1290
1982 2218
1198 1368
1853 2713
324 898
850 1058
1600 1790
569 1495
1298 1965
445 793
222 715
1681 2072
93.33523666930094 64.11518809434395 33.45592522863796 96.36966957278517 99.12773907967376 47.023337092578565 68.64005564013935 73.25106591448017 29.373046278161507 95.43315930394375 76.03111828697259 61.919088625283 11.934853703862869 56.18803124318552 53.37951616916149 17.858851085855864 30.089609003184858 36.690432949706 30.517247689777616 98.1725780541645 
66.65656286862159 49.17273758557707 88.84842139695009 30.731513420730884 27.567917560025045 14.464333502686987 86.6659950793844 42.971690929455676 52.29877406744448 70.23064024664205 28.206381903865807 62.18998674535984 61.8356507944862 87.48082429056547 35.28375275073671 7.609290139982184 83.62606416524426 48.34405161208777 8.439085555338954 41.56958316135304 