20
0 47 84 22 36 49 3 100 88 66 63 68 36 103 70 82 92 24 13 50 
47 0 83 58 63 17 46 93 56 82 17 83 59 82 32 97 70 64 34 35 
84 83 0 69 54 66 81 18 56 32 82 29 51 40 67 31 38 73 79 48 
22 58 69 0 16 54 20 86 86 45 71 48 18 94 73 61 84 7 27 47 
36 63 54 16 0 54 34 71 79 30 73 32 5 83 71 46 74 19 38 43 
49 17 66 54 54 0 47 75 42 69 19 69 50 65 21 82 53 60 37 18 
3 46 81 20 34 47 0 97 86 63 61 65 34 100 68 79 89 22 12 48 
100 93 18 86 71 75 97 0 55 50 88 46 68 29 71 45 33 91 94 59 
88 56 56 86 79 42 86 55 0 78 44 76 74 31 25 84 21 93 77 39 
66 82 32 45 30 69 63 50 78 0 88 3 29 70 78 16 65 48 65 52 
63 17 82 71 73 19 61 88 44 88 0 87 69 72 19 100 61 78 50 36 
68 83 29 48 32 69 65 46 76 3 87 0 31 67 78 15 63 51 67 51 
36 59 51 18 5 50 34 68 74 29 69 31 0 78 65 46 69 23 37 38 
103 82 40 94 83 65 100 29 31 70 72 67 78 0 53 70 12 100 94 54 
70 32 67 73 71 21 68 71 25 78 19 78 65 53 0 89 42 80 57 28 
82 97 31 61 46 82 79 45 84 16 100 15 46 70 89 0 68 63 82 64 
92 70 38 84 74 53 89 33 21 65 61 63 69 12 42 68 0 91 82 42 
24 64 73 7 19 60 22 91 93 48 78 51 23 100 80 63 91 0 32 54 
13 34 79 27 38 37 12 94 77 65 50 67 37 94 57 82 82 32 0 40 
50 35 48 47 43 18 48 59 39 52 36 51 38 54 28 64 42 54 40 0 
0 1000
1151 1426
693 705
1572 1831
604 1437
193 915
1697 1710
1340 1963
1866 2693
936 1305
837 1022
107 988
1652 2087
1278 1391
467 595
963 1773
1832 1835
1519 2481
320 834
1088 1785
83.28448473052447 37.04160299329943 47.56832746965919 88.33360928673753 83.74885955806154 35.46214290616314 81.87266075435454 33.007173039070956 4.482427329206984 77.92547257906855 20.618468692635293 75.28074429045309 78.43399006420834 8.402357120710036 15.70261041542781 77.79431944763611 13.226173362052707 95.1803683796425 70.51016893348468 41.62768192688446 
9.988901842617604 3.863638161537797 86.19687199538203 31.141722439016164 46.11741266391546 21.07019676822628 12.617113236935484 96.48150179010933 49.90121580935932 75.27941747900138 8.996718644047697 77.1964012836213 46.05341523275172 80.45717105638715 27.491074246528036 91.58120435830529 69.45945563317204 30.68134471076014 10.338173155433106 38.26096399169876 