20
0 75 47 101 49 47 86 87 44 48 82 85 62 66 31 2 35 34 65 68 
75 0 105 37 42 34 42 83 81 103 78 41 23 11 56 74 46 41 81 45 
47 105 0 118 65 71 96 71 27 3 69 95 84 94 49 49 77 68 47 76 
101 37 118 0 54 54 24 71 91 115 68 24 39 39 74 101 79 69 80 43 
49 42 65 54 0 10 37 50 40 63 45 36 20 31 20 50 42 26 41 20 
47 34 71 54 10 0 40 60 47 69 55 39 15 23 22 47 33 18 51 27 
86 42 96 24 37 40 0 48 69 94 44 1 30 37 56 86 72 58 56 20 
87 83 71 71 50 60 48 0 48 68 6 48 62 74 58 88 91 75 24 38 
44 81 27 91 40 47 69 48 0 24 45 69 60 70 28 45 63 50 24 49 
48 103 3 115 63 69 94 68 24 0 65 93 82 92 48 50 77 67 44 73 
82 78 69 68 45 55 44 6 45 65 0 44 56 69 53 83 86 69 21 33 
85 41 95 24 36 39 1 48 69 93 44 0 28 36 55 85 71 57 56 20 
62 23 84 39 20 15 30 62 60 82 56 28 0 12 37 61 42 30 58 24 
66 11 94 39 31 23 37 74 70 92 69 36 12 0 45 65 40 32 70 36 
31 56 49 74 20 22 56 58 28 48 53 55 37 45 0 31 36 22 41 38 
2 74 49 101 50 47 86 88 45 50 83 85 61 65 31 0 33 33 67 69 
35 46 77 79 42 33 72 91 63 77 86 71 42 40 36 33 0 17 77 60 
34 41 68 69 26 18 58 75 50 67 69 57 30 32 22 33 17 0 61 44 
65 81 47 80 41 51 56 24 24 44 21 56 58 70 41 67 77 61 0 38 
68 45 76 43 20 27 20 38 49 73 33 20 24 36 38 69 60 44 38 0 
0 1000
1650 2329
582 1222
1921 2549
1376 1566
730 1126
1089 1231
1791 1851
834 1332
491 796
1275 1608
169 1121
1552 2174
2046 2229
1458 2152
376 518
1162 1664
976 1391
227 1094
2158 2657
0.21243153311369944 67.13254072667982 0.309736165504626 99.9969772115923 49.37480914165672 47.17335780403563 86.27143777210406 71.38599949478564 24.989136338111674 3.5308937419154085 68.81740123095041 85.21898152288904 61.001680108704115 61.71391336214826 30.090398441252553 0.2499269111284952 21.6703923753502 31.20361801171385 47.739149674770644 67.43370124057282 
65.68552320661502 99.39538557055909 19.022032162039494 81.52985966834025 61.46646692144808 71.70180919993986 61.93402228787001 16.427793426662817 29.76377850280566 18.20167472230113 21.371074837031156 62.45662482258959 77.19696324056581 89.627893413808 57.77754779849016 67.86299072349678 93.09127345153657 79.62334255452087 20.9711587870277 53.962348743886714 