20
0 54 49 52 80 35 21 86 87 81 114 48 107 92 75 69 71 102 87 100 
54 0 42 8 32 23 46 39 34 27 77 49 71 39 26 35 79 70 34 54 
49 42 0 47 74 46 28 49 69 55 66 8 60 75 44 27 38 54 72 60 
52 8 47 0 30 18 46 46 36 33 85 53 79 41 33 43 84 78 35 61 
80 32 74 30 0 45 77 51 18 31 92 81 87 20 41 61 111 89 14 63 
35 23 46 18 45 0 35 61 53 50 97 50 90 58 48 52 81 88 52 76 
21 46 28 46 77 35 0 70 79 69 94 27 87 85 61 51 52 82 80 83 
86 39 49 46 51 61 70 0 36 20 42 57 36 39 13 23 78 39 40 15 
87 34 69 36 18 53 79 36 0 17 76 78 71 5 29 51 105 74 5 46 
81 27 55 33 31 50 69 20 17 0 61 64 56 21 13 34 90 59 21 33 
114 77 66 85 92 97 94 42 76 61 0 71 7 78 53 45 76 14 80 30 
48 49 8 53 81 50 27 57 78 64 71 0 65 83 52 34 31 58 80 67 
107 71 60 79 87 90 87 36 71 56 7 65 0 73 47 38 71 10 75 26 
92 39 75 41 20 58 85 39 5 21 78 83 73 0 34 55 110 78 6 48 
75 26 44 33 41 48 61 13 29 13 53 52 47 34 0 21 77 48 33 28 
69 35 27 43 61 52 51 23 51 34 45 34 38 55 21 0 56 36 54 33 
71 79 38 84 111 81 52 78 105 90 76 31 71 110 77 56 0 62 108 83 
102 70 54 78 89 88 82 39 74 59 14 58 10 78 48 36 62 0 79 32 
87 34 72 35 14 52 80 40 5 21 80 80 75 6 33 54 108 79 0 51 
100 54 60 61 63 76 83 15 46 33 30 67 26 48 28 33 83 32 51 0 
0 1000
823 1291
652 763
305 612
1093 1450
287 720
530 1286
1300 1444
1849 2826
1495 1893
1690 1749
1600 1978
1390 1623
166 338
1248 1275
1344 2055
389 938
930 1498
1165 1368
723 1255
99.70645358094981 45.678898649469716 70.90358063764604 48.12582038060078 20.574790532078424 65.04050568221047 89.86224713480144 21.66360833551364 12.40429477514845 20.592543124080187 16.550884904087383 78.52159145468796 21.01440332961144 7.362498225291192 29.23196289312665 44.04274426770394 92.3533786923274 30.361724158182813 12.66838157335245 11.923703532204078 
83.30415467287966 77.02872312681403 43.81397782990438 84.68678485163436 97.58594522741092 89.29479396595693 64.6627104066816 46.861616885504006 81.1521864305529 66.78337229066265 5.567191440379871 40.68843494624617 10.888414048157902 82.95268342552646 57.2348414904528 41.69905480377372 12.95751902249689 8.891632071962963 85.79293657516212 35.26220462541437 