20
0 64 6 54 71 58 56 48 67 88 103 9 90 113 48 13 67 17 80 54 
64 0 59 77 31 34 9 24 58 32 55 70 40 66 53 53 23 47 22 39 
6 59 0 56 67 53 50 44 66 84 99 14 84 109 47 8 61 12 75 49 
54 77 56 0 59 93 73 53 32 82 82 49 115 88 24 59 93 53 77 93 
71 31 67 59 0 63 35 24 32 22 32 74 69 42 37 64 54 55 19 67 
58 34 53 93 63 0 28 46 84 65 88 66 33 99 72 45 15 45 56 7 
56 9 50 73 35 28 0 20 58 40 62 62 42 73 50 44 21 38 30 32 
48 24 44 53 24 46 20 0 38 40 56 52 63 66 30 40 42 32 32 48 
67 58 66 32 32 84 58 38 0 52 50 66 98 56 20 66 79 57 51 86 
88 32 84 82 22 65 40 40 52 0 24 92 60 35 59 79 52 72 10 71 
103 55 99 82 32 88 62 56 50 24 0 105 83 11 64 96 76 88 33 94 
9 70 14 49 74 66 62 52 66 92 105 0 98 114 46 21 74 23 84 63 
90 40 84 115 69 33 42 63 98 60 83 98 0 93 92 77 23 75 53 40 
113 66 109 88 42 99 73 66 56 35 11 114 93 0 72 106 87 98 43 104 
48 53 47 24 37 72 50 30 20 59 64 46 92 72 0 47 71 39 54 73 
13 53 8 59 64 45 44 40 66 79 96 21 77 106 47 0 54 8 70 42 
67 23 61 93 54 15 21 42 79 52 76 74 23 87 71 54 0 51 43 22 
17 47 12 53 55 45 38 32 57 72 88 23 75 98 39 8 51 0 63 43 
80 22 75 77 19 56 30 32 51 10 33 84 53 43 54 70 43 63 0 61 
54 39 49 93 67 7 32 48 86 71 94 63 40 104 73 42 22 43 61 0 
0 1000
1778 1823
1843 1920
1560 2396
370 539
1079 1750
607 844
219 258
907 1025
1243 2171
1722 2626
95 810
467 894
303 589
795 1261
659 1638
998 1425
1462 1686
739 1476
1321 2118
93.56390837491335 29.476840427561648 88.30430810030062 88.57090791825188 32.1084792112747 41.72897049273464 37.97843469956113 48.88767601995772 56.36812545132778 10.475260840065614 6.126041175368002 99.57581149767854 8.453727951736411 0.648345849562626 68.84547798782266 81.41005542687988 29.29300360484176 76.45502470446795 17.306093609844698 47.99394440060388 
33.26934713782186 37.98135115389854 31.48624985891403 87.15593682241263 68.7018763351312 6.6948012102100884 34.59303535005432 51.83601196003125 89.17725251381023 63.72674588416481 87.46030424574113 39.37434340965119 4.167056240811473 96.8246267343364 73.92213790721293 28.52419547724364 14.948607692078486 35.36269546466224 56.73412955990549 3.771979553099447 