20
0 58 35 78 100 67 110 101 83 86 61 11 31 119 82 39 110 89 60 73 
58 0 67 30 85 9 77 58 87 32 72 50 28 90 38 50 73 35 73 56 
35 67 0 74 72 75 90 89 50 87 28 30 43 96 75 19 93 87 26 51 
78 30 74 0 63 26 49 27 75 14 67 69 48 62 9 55 44 13 69 40 
100 85 72 63 0 86 32 51 30 76 45 90 83 29 56 61 40 73 47 30 
67 9 75 26 86 0 75 53 91 24 78 59 37 89 35 58 70 28 79 59 
110 77 90 49 32 75 0 26 60 58 68 100 86 14 40 74 9 54 70 40 
101 58 89 27 51 53 26 0 73 33 73 91 73 39 20 71 18 29 76 42 
83 87 50 75 30 91 60 73 0 89 22 75 75 59 69 47 66 87 24 34 
86 32 87 14 76 24 58 33 89 0 81 77 56 72 21 68 51 4 83 55 
61 72 28 67 45 78 68 73 22 81 0 53 56 71 64 26 72 81 3 31 
11 50 30 69 90 59 100 91 75 77 53 0 22 109 72 29 100 79 52 62 
31 28 43 48 83 37 86 73 75 56 56 22 0 97 53 30 84 58 56 53 
119 90 96 62 29 89 14 39 59 72 71 109 97 0 54 82 22 68 74 47 
82 38 75 9 56 35 40 20 69 21 64 72 53 54 0 55 35 18 66 35 
39 50 19 55 61 58 74 71 47 68 26 29 30 82 55 0 76 68 26 35 
110 73 93 44 40 70 9 18 66 51 72 100 84 22 35 76 0 47 75 43 
89 35 87 13 73 28 54 29 87 4 81 79 58 68 18 68 47 0 82 53 
60 73 26 69 47 79 70 76 24 83 3 52 56 74 66 26 75 82 0 34 
73 56 51 40 30 59 40 42 34 55 31 62 53 47 35 35 43 53 34 0 
0 1000
1196 1304
228 790
1831 2234
1942 2543
419 777
1526 1598
1618 2591
2054 2483
471 1082
1039 1480
914 1047
613 1082
1669 1915
751 1575
974 1615
342 1236
119 242
1357 1988
1753 2215
91.38245271000861 96.08807250459765 56.257029332146345 72.31299232518886 11.226115093540223 96.94167933835122 25.036063264839203 50.333300177915305 13.718109016467094 82.74243103585356 33.813680785743585 85.48615449547657 88.97979180540953 11.170223705051507 63.95055258487484 59.90878552911744 32.26524373784111 78.99965447836351 34.496394285638424 40.16996686508373 
6.383175879758307 63.744348563227426 9.885975896440847 82.46110083417813 65.89369806786195 72.92427103644005 94.56521021151246 98.97150001975574 36.10703146062924 92.3769625447216 27.39579246845125 15.157642837247366 37.15028446481702 94.75720479573232 84.05107777674336 28.786046250014508 99.7274062597592 94.06115195420422 24.791399657303337 57.886181831234985 