20
0 66 25 45 47 52 47 45 60 69 61 79 60 54 20 27 12 40 26 57 
66 0 41 32 19 14 50 45 16 5 113 73 32 89 75 39 76 87 60 27 
25 41 0 24 22 28 37 33 35 44 79 71 41 63 38 2 35 54 29 36 
45 32 24 0 22 25 56 51 18 37 103 88 50 86 61 24 57 79 53 44 
47 19 22 22 0 6 38 32 18 23 95 68 29 73 56 20 56 70 43 23 
52 14 28 25 6 0 40 34 17 17 100 67 27 77 62 26 62 74 47 21 
47 50 37 56 38 40 0 6 56 50 68 34 23 39 41 36 49 43 23 25 
45 45 33 51 32 34 6 0 50 45 71 39 19 44 41 32 48 46 23 21 
60 16 35 18 18 17 56 50 0 20 113 84 43 92 73 34 71 87 60 37 
69 5 44 37 23 17 50 45 20 0 115 71 31 89 78 43 79 89 62 26 
61 113 79 103 95 100 68 71 113 115 0 78 90 32 42 80 50 26 53 92 
79 73 71 88 68 67 34 39 84 71 78 0 41 46 68 70 78 60 53 47 
60 32 41 50 29 27 23 19 43 31 90 41 0 62 60 39 65 65 42 6 
54 89 63 86 73 77 39 44 92 89 32 46 62 0 35 63 47 18 34 64 
20 75 38 61 56 62 41 41 73 78 42 68 60 35 0 39 12 20 18 59 
27 39 2 24 20 26 36 32 34 43 80 70 39 63 39 0 37 55 29 35 
12 76 35 57 56 62 49 48 71 79 50 78 65 47 12 37 0 31 26 64 
40 87 54 79 70 74 43 46 87 89 26 60 65 18 20 55 31 0 27 66 
26 60 29 53 43 47 23 23 60 62 53 53 42 34 18 29 26 27 0 42 
57 27 36 44 23 21 25 21 37 26 92 47 6 64 59 35 64 66 42 0 
0 1000
1762 2509
1571 1764
1265 1882
681 936
120 328
281 288
1816 2268
743 823
153 981
997 1830
402 1274
624 1046
483 1271
1122 1299
1859 2268
1651 1760
1440 2033
1177 1578
848 1288
30.19803834639526 95.62633778188466 54.80154021663056 67.9714224845753 76.49587658893837 82.34197263603156 64.93441876786748 66.91535592723424 86.02018524914145 99.25052818725464 1.1039297941946247 78.51967056777195 85.62830181862694 33.06261545247775 25.852377295200345 56.43973780361205 21.81127989641576 22.734348461181032 43.728250788606694 84.932891559927 
66.10377426139313 74.96983973470768 70.96125743362137 91.17868275745514 71.42226657621063 70.9272270113546 35.16067947804022 40.58434353746351 87.1566169407473 71.86289915947174 12.811410469438655 3.6788464605811644 44.392558525483274 12.223496660793565 46.48308033493429 70.5634721504133 57.92628349438076 26.953245464707297 44.038572968403585 50.41914295571923 