20
0 74 63 41 20 38 6 14 25 47 21 44 40 33 62 56 34 60 32 70 
74 0 17 61 82 112 70 69 76 38 67 30 70 81 64 47 65 42 57 25 
63 17 0 45 67 99 59 60 70 21 60 21 53 76 68 30 49 25 53 35 
41 61 45 0 32 66 42 49 63 24 54 39 8 71 86 21 8 27 57 71 
20 82 67 32 0 34 25 34 45 48 41 53 27 52 81 52 24 57 50 83 
38 112 99 66 34 0 44 48 52 81 55 82 60 56 94 85 58 90 67 108 
6 70 59 42 25 44 0 8 21 46 16 40 43 29 56 56 36 59 26 64 
14 69 60 49 34 48 8 0 13 49 7 40 50 21 48 61 43 63 19 60 
25 76 70 63 45 52 21 13 0 61 10 49 63 8 42 73 56 75 20 64 
47 38 21 24 48 81 46 49 61 0 51 20 32 68 72 15 28 15 48 49 
21 67 60 54 41 55 16 7 10 51 0 39 56 17 41 64 49 65 12 56 
44 30 21 39 53 82 40 40 49 20 39 0 46 55 52 35 40 34 33 32 
40 70 53 8 27 60 43 50 63 32 56 46 0 71 90 28 8 34 61 79 
33 81 76 71 52 56 29 21 8 68 17 55 71 0 39 81 64 83 23 66 
62 64 68 86 81 94 56 48 42 72 41 52 90 39 0 87 82 86 31 41 
56 47 30 21 52 85 56 61 73 15 64 35 28 81 87 0 28 6 63 63 
34 65 49 8 24 58 36 43 56 28 49 40 8 64 82 28 0 33 53 72 
60 42 25 27 57 90 59 63 75 15 65 34 34 83 86 6 33 0 63 59 
32 57 53 57 50 67 26 19 20 48 12 33 61 23 31 63 53 63 0 44 
70 25 35 71 83 108 64 60 64 49 56 32 79 66 41 63 72 59 44 0 
0 1000
873 1752
650 1521
1545 2379
1644 1702
1202 2070
151 813
982 1034
1461 2232
262 499
1399 1587
587 1193
481 997
62 652
1331 1627
744 777
1142 1226
1775 2402
1006 1220
395 485
35.41672589338602 75.3285561375389 58.922807548949784 19.057256413784618 16.127962888700942 8.066814890108198 41.20919615107766 49.085686081918865 57.37786901866075 41.10825542273518 56.45851657736992 58.453810602464195 12.29163477539068 63.14245765980343 96.94456420551421 28.859217415424343 19.218069260014147 33.655163163967806 66.51865370053406 90.33159353241508 
65.3791175071311 2.8384564636970255 7.192418553653146 27.618667727030953 59.37524784245276 92.19377333674517 63.86679022302184 66.65419906922533 77.03644052535691 18.291650456986087 66.6513319386335 28.064561274229483 32.470412764848334 82.73012122035452 63.101219447294085 9.379570183295149 35.501969804531605 5.426136271083825 59.573730485324774 22.642484638315242 