20
0 47 32 41 19 42 26 47 24 25 70 14 3 34 21 78 36 40 57 8 
47 0 34 64 62 59 34 16 37 65 30 61 48 15 28 34 16 85 11 42 
32 34 0 30 51 67 42 45 9 38 44 43 35 19 30 54 35 59 44 35 
41 64 30 0 55 83 63 73 28 25 70 43 44 49 53 82 63 43 74 49 
19 62 51 55 0 35 33 59 42 32 88 12 16 52 34 95 49 36 71 20 
42 59 67 83 35 0 27 47 61 64 89 46 39 57 37 92 43 71 63 34 
26 34 42 63 33 27 0 26 38 51 63 38 25 30 11 67 18 65 40 18 
47 16 45 73 59 47 26 0 46 70 44 61 47 26 26 45 12 87 16 40 
24 37 9 28 42 61 38 46 0 30 52 34 27 22 26 62 35 51 48 28 
25 65 38 25 32 64 51 70 30 0 82 20 27 51 44 92 58 22 76 34 
70 30 44 70 88 89 63 44 52 82 0 83 72 36 55 12 45 103 29 68 
14 61 43 43 12 46 38 61 34 20 83 0 14 48 35 92 50 27 71 21 
3 48 35 44 16 39 25 47 27 27 72 14 0 36 21 79 36 41 57 7 
34 15 19 49 52 57 30 26 22 51 36 48 36 0 20 43 17 71 26 32 
21 28 30 53 34 37 11 26 26 44 55 35 21 20 0 61 15 61 37 15 
78 34 54 82 95 92 67 45 62 92 12 92 79 43 61 0 49 113 29 75 
36 16 35 63 49 43 18 12 35 58 45 50 36 17 15 49 0 76 23 30 
40 85 59 43 36 71 65 87 51 22 103 27 41 71 61 113 76 0 95 48 
57 11 44 74 71 63 40 16 48 76 29 71 57 26 37 29 23 95 0 51 
8 42 35 49 20 34 18 40 28 34 68 21 7 32 15 75 30 48 51 0 
0 1000
1356 2290
386 1386
1504 2018
799 1367
1852 1927
1120 1285
651 1206
281 445
1755 2311
154 388
1217 1687
862 1796
1004 2002
1639 2207
1949 2534
899 1399
459 685
624 1532
1662 1834
69.40051876106762 41.81725690203801 37.4832514615475 37.311615233855 87.48282241649635 99.99624953490996 73.34401944616403 55.80514866285328 45.56831797426254 62.564504007727294 11.845021981281967 77.51326235126793 72.34657723751337 43.26513029638128 63.53539650834309 11.087579393364788 56.86701422499352 78.41571687343452 39.81441826614843 72.1254848708162 
56.921823873791 19.390023008989953 52.959016326123034 82.93178739022883 61.3895585092672 28.756371242075353 31.260978968077524 11.926941852695572 56.57123226703153 81.26141286526575 17.270268501794604 68.67365968353579 55.8815494089597 34.426542143811524 37.10664391567824 5.369634658690325 23.48606847093856 95.99032095088744 8.786185041106332 48.87905269606031 