20
0 72 39 44 32 59 49 2 16 26 81 49 14 24 79 29 20 41 21 43 
72 0 44 95 42 14 84 71 73 75 21 47 58 49 32 81 53 90 86 54 
39 44 0 51 29 36 76 37 32 56 45 12 28 27 66 62 22 46 45 12 
44 95 51 0 67 86 93 43 30 70 94 51 50 59 113 72 51 5 25 43 
32 42 29 67 0 29 49 31 38 34 56 40 19 8 48 40 16 62 50 41 
59 14 36 86 29 0 71 58 61 61 31 42 45 36 31 67 40 81 74 47 
49 84 76 93 49 71 0 51 65 23 102 87 50 49 71 21 55 90 68 85 
2 71 37 43 31 58 51 0 15 27 80 47 13 23 79 31 19 39 21 41 
16 73 32 30 38 61 65 15 0 42 77 39 21 30 86 46 22 25 13 32 
26 75 56 70 34 61 23 27 42 0 89 67 28 30 71 6 34 66 45 64 
81 21 45 94 56 31 102 80 77 89 0 43 68 60 53 96 61 89 90 51 
49 47 12 51 40 42 87 47 39 67 43 0 39 39 73 73 33 46 51 8 
14 58 28 50 19 45 50 13 21 28 68 39 0 11 67 34 6 45 31 35 
24 49 27 59 8 36 49 23 30 30 60 39 11 0 56 36 9 54 42 37 
79 32 66 113 48 31 71 79 86 71 53 73 67 56 0 76 64 108 98 78 
29 81 62 72 40 67 21 31 46 6 96 73 34 36 76 0 40 69 47 69 
20 53 22 51 16 40 55 19 22 34 61 33 6 9 64 40 0 46 35 30 
41 90 46 5 62 81 90 39 25 66 89 46 45 54 108 69 46 0 22 38 
21 86 45 25 50 74 68 21 13 45 90 51 31 42 98 47 35 22 0 43 
43 54 12 43 41 47 85 41 32 64 51 8 35 37 78 69 30 38 43 0 
0 1000
285 1061
1675 1972
533 1191
1319 1514
1924 2422
1587 1952
783 952
1765 1975
697 1665
1399 2293
871 1570
138 157
1263 2162
962 1374
386 873
74 1042
1136 1457
580 741
2052 2921
50.714559123029716 37.78317346037407 65.21982793026334 94.6579356308527 37.085284131399106 36.10011932058864 1.8336104872320513 52.06218979138022 66.47449351154079 25.097762586345485 56.82514282225819 75.34049665860782 48.41607249099277 42.09497083140281 6.4590024482653945 22.6576317689131 50.50136206892658 91.25135984891976 70.06284714189673 77.25243057915566 
84.20749090136009 13.270779712969794 47.90180180620563 89.3701408874972 55.54225892289703 26.783517539916836 89.47536292527857 82.79857817318543 80.19963675217092 86.83159819177769 3.4058761844208196 42.26131864081848 70.4470428349974 61.95410070483716 18.46138749286148 92.83447230638436 64.3560485796155 85.44896496562792 92.92513507213556 50.25938152762769 