20
0 65 42 63 5 69 23 20 50 36 36 33 42 102 88 90 44 59 97 93 
65 0 47 4 70 11 78 83 69 50 51 32 44 54 39 45 47 37 70 66 
42 47 0 43 46 44 40 51 22 6 7 28 2 64 52 51 2 20 56 51 
63 4 43 0 68 9 75 80 65 46 48 30 40 52 37 43 43 33 66 63 
5 70 46 68 0 74 24 17 53 40 40 38 47 107 93 94 48 64 102 97 
69 11 44 9 74 0 79 86 65 48 50 36 41 43 28 34 44 30 59 56 
23 78 40 75 24 79 0 14 36 34 33 47 42 104 92 91 41 60 92 88 
20 83 51 80 17 86 14 0 50 44 44 51 52 114 102 101 52 70 104 100 
50 69 22 65 53 65 36 50 0 22 20 49 25 75 67 63 21 36 57 53 
36 50 6 46 40 48 34 44 22 0 1 27 8 70 58 57 8 26 62 57 
36 51 7 48 40 50 33 44 20 1 0 29 9 71 59 58 9 27 62 57 
33 32 28 30 38 36 47 51 49 27 29 0 27 74 59 61 30 35 76 72 
42 44 2 40 47 41 42 52 25 8 9 27 0 62 50 49 4 18 55 51 
102 54 64 52 107 43 104 114 75 70 71 74 62 0 16 13 62 44 31 31 
88 39 52 37 93 28 92 102 67 58 59 59 50 16 0 8 51 32 36 34 
90 45 51 43 94 34 91 101 63 57 58 61 49 13 8 0 50 31 28 26 
44 47 2 43 48 44 41 52 21 8 9 30 4 62 51 50 0 19 54 49 
59 37 20 33 64 30 60 70 36 26 27 35 18 44 32 31 19 0 41 37 
97 70 56 66 102 59 92 104 57 62 62 76 55 31 36 28 54 41 0 5 
93 66 51 63 97 56 88 100 53 57 57 72 51 31 34 26 49 37 5 0 
0 1000
201 803
635 671
1693 1920
979 1047
1198 1807
1298 1407
1813 2276
894 1152
365 422
1063 1300
1399 1757
1612 1629
1527 2123
1929 2371
496 696
320 745
850 1123
121 384
722 836
72.55753937808265 11.8983342285094 56.46576730613779 15.310614481011708 75.67352503901863 12.778882104681044 89.5541681927074 91.97065315379926 75.98292420984161 60.971920684130275 62.292941897165164 42.272956124857274 54.03159444404301 6.401429059263797 10.616539555622062 16.025584395778036 56.433543958551866 39.82234091726874 35.199110741737464 36.58079699922229 
93.56495978224018 69.13935727171256 55.17809481547764 66.89467508775124 97.11623218281785 58.344592804231986 77.67684302398582 91.2303389904637 44.02717155408632 59.70091011032499 59.278412471474695 79.64835296376846 55.47804474066702 15.483833639582766 30.423915543887958 24.06979393525065 52.79211405853611 44.56502114862286 3.5705254876993386 7.85674241297335 