20
0 43 45 39 25 51 49 54 81 65 42 70 32 52 32 30 46 72 61 26 
43 0 27 10 49 53 36 41 56 42 39 62 66 11 35 38 7 81 71 49 
45 27 0 17 35 27 61 67 36 70 15 35 55 36 55 57 34 54 45 35 
39 10 17 0 40 43 44 50 49 52 29 52 59 20 40 43 17 70 60 40 
25 49 35 40 0 28 69 74 66 83 25 49 20 59 54 53 54 47 36 1 
51 53 27 43 28 0 84 90 43 95 14 20 43 63 73 74 60 27 18 28 
49 36 61 44 69 84 0 6 92 17 70 96 81 33 18 22 30 110 100 69 
54 41 67 50 74 90 6 0 97 15 76 102 85 38 22 25 36 116 105 75 
81 56 36 49 66 43 92 97 0 95 41 29 84 60 89 92 61 58 55 66 
65 42 70 52 83 95 17 15 95 0 81 104 96 36 35 39 36 122 111 83 
42 39 15 29 25 14 70 76 41 81 0 28 44 49 60 61 46 41 31 24 
70 62 35 52 49 20 96 102 29 104 28 0 63 70 88 89 69 30 27 48 
32 66 55 59 20 43 81 85 84 96 44 63 0 77 63 61 71 52 43 20 
52 11 36 20 59 63 33 38 60 36 49 70 77 0 37 42 6 90 80 59 
32 35 55 40 54 73 18 22 89 35 60 88 63 37 0 5 32 98 87 54 
30 38 57 43 53 74 22 25 92 39 61 89 61 42 5 0 36 98 87 54 
46 7 34 17 54 60 30 36 61 36 46 69 71 6 32 36 0 87 77 54 
72 81 54 70 47 27 110 116 58 122 41 30 52 90 98 98 87 0 11 46 
61 71 45 60 36 18 100 105 55 111 31 27 43 80 87 87 77 11 0 35 
26 49 35 40 1 28 69 75 66 83 24 48 20 59 54 54 54 46 35 0 
0 1000
1436 1646
338 1313
384 548
854 1346
1011 1364
1982 2252
1924 2429
617 1066
1550 1728
108 567
974 1660
1809 2321
712 1288
1251 2230
1353 1528
237 982
517 713
1093 1997
1696 1860
70.7005974469075 57.59095993014077 34.27716379902256 49.90031928918109 46.32534377754013 19.626806055195257 92.96350885792019 98.68026038413447 1.477965383368296 94.84746188732576 30.152805655576454 1.9752318310975792 51.92537191882407 60.650474075804205 88.89174947435536 90.82548623971807 62.89054374656985 0.7159343720075206 11.06549144203851 45.51278726177217 
25.7100984885405 66.32628305764868 51.947609404441216 59.26716569845591 19.04348918809975 28.840470946256637 69.79859005442869 71.42574668255392 67.58645229268122 86.29449967328104 38.042085348760544 38.84078840627389 0.18471486617309685 76.42821901611741 51.80552943376038 47.704513931459324 70.5747102576043 9.147453003666083 13.230967486395674 19.06673694735114 