20
0 60 55 62 11 28 95 68 32 85 64 48 74 66 88 115 74 15 93 110 
60 0 22 23 50 32 54 20 44 33 38 19 23 46 29 58 14 46 68 56 
55 22 0 44 48 28 41 42 53 30 16 35 20 24 46 62 30 40 49 55 
62 23 44 0 52 41 75 9 36 54 60 15 45 68 33 72 29 52 91 73 
11 50 48 52 0 20 88 58 24 76 58 37 66 61 78 106 64 9 89 101 
28 32 28 41 20 0 69 45 30 56 40 27 46 44 61 87 47 13 72 82 
95 54 41 75 88 69 0 70 93 23 32 72 31 33 58 41 48 80 26 28 
68 20 42 9 58 45 70 0 44 47 58 20 39 66 24 63 22 56 87 65 
32 44 53 36 24 30 93 44 0 76 67 26 66 73 67 102 58 29 100 100 
85 33 30 54 76 56 23 47 76 0 31 53 11 37 35 32 25 69 46 25 
64 38 16 60 58 40 32 58 67 31 0 51 26 8 58 62 42 50 33 53 
48 19 35 15 37 27 72 20 26 53 51 0 42 58 42 77 32 36 84 75 
74 23 20 45 66 46 31 39 66 11 26 42 0 34 33 41 19 59 49 36 
66 46 24 68 61 44 33 66 73 37 8 58 34 0 66 68 50 52 28 57 
88 29 46 33 78 61 58 24 67 35 58 42 33 66 0 41 16 74 80 46 
115 58 62 72 106 87 41 63 102 32 62 77 41 68 41 0 45 100 66 13 
74 14 30 29 64 47 48 22 58 25 42 32 19 50 16 45 0 60 68 44 
15 46 40 52 9 13 80 56 29 69 50 36 59 52 74 100 60 0 80 95 
93 68 49 91 89 72 26 87 100 46 33 84 49 28 80 66 68 80 0 54 
110 56 55 73 101 82 28 65 100 25 53 75 36 57 46 13 44 95 54 0 
0 1000
886 1444
978 1095
1491 2315
801 1346
1168 1825
632 1565
911 1264
749 1313
1671 1733
104 699
534 805
1035 1406
1764 2506
479 1049
1410 2349
1558 1927
243 1083
1334 2270
405 975
6.583063080129181 58.33457827601591 40.50901810350137 68.18891311235679 16.92845868136359 27.785344012915314 51.99675452328063 72.85364223536216 37.6844398899071 63.23751683770079 32.91743563484979 53.144476207157524 58.42225438826437 26.035271615272883 86.45129730625142 92.09521062728577 70.08392581467294 16.665909034427184 27.12763946407678 79.99559891979945 
90.91856457060534 60.95890113546598 47.23904690808723 81.38054482425163 88.59808499792527 71.96736471356829 7.64973540618048 74.16115211256272 99.99157428221814 28.10519096284192 32.75077071973706 79.68940662299563 37.75439882640592 27.982125748823293 54.29312878704835 13.681488967420952 52.4715919098615 79.59420499261009 0.11775096373645155 9.12696865688255 