20
0 31 74 48 24 54 45 37 45 19 35 28 11 71 65 29 64 32 73 57 
31 0 58 20 35 34 29 65 23 12 5 27 33 48 39 36 35 33 48 46 
74 58 0 67 91 86 85 89 77 64 60 46 66 19 30 93 75 45 24 19 
48 20 67 0 43 19 21 84 11 29 15 46 52 53 40 41 16 52 51 60 
24 35 91 43 0 40 30 56 35 27 37 48 35 83 74 6 56 53 83 75 
54 34 86 19 40 0 11 91 11 39 30 61 61 72 59 36 20 67 69 78 
45 29 85 21 30 11 0 81 10 31 26 54 52 72 60 26 28 61 71 75 
37 65 89 84 56 91 81 0 81 54 70 48 32 93 91 62 100 46 96 70 
45 23 77 11 35 11 10 81 0 28 19 50 51 63 51 32 21 56 61 68 
19 12 64 29 27 39 31 54 28 0 16 24 23 57 49 29 45 30 58 49 
35 5 60 15 37 30 26 70 19 16 0 32 37 49 38 37 30 38 48 49 
28 27 46 46 48 61 54 48 50 24 32 0 20 46 43 52 61 6 49 29 
11 33 66 52 35 61 52 32 51 23 37 20 0 65 61 40 68 22 68 48 
71 48 19 53 83 72 72 93 63 57 49 46 65 0 13 84 58 47 5 27 
65 39 30 40 74 59 60 91 51 49 38 43 61 13 0 75 46 45 10 33 
29 36 93 41 6 36 26 62 32 29 37 52 40 84 75 0 53 57 85 79 
64 35 75 16 56 20 28 100 21 45 30 61 68 58 46 53 0 67 55 71 
32 33 45 52 53 67 61 46 56 30 38 6 22 47 45 57 67 0 50 26 
73 48 24 51 83 69 71 96 61 58 48 49 68 5 10 85 55 50 0 32 
57 46 19 60 75 78 75 70 68 49 49 29 48 27 33 79 71 26 32 0 
0 1000
1486 2004
543 653
622 707
378 1284
1142 1393
1237 1884
80 514
169 411
790 948
868 1487
907 1124
1617 2587
1355 2137
1030 1411
732 1529
277 1246
1545 2020
1333 2246
1406 1858
23.827926916915644 50.58566317555193 94.43182864507934 58.058838454850125 16.178206938269902 46.892722818565936 39.21636689475101 6.098358183811381 47.898473976249065 39.839426085424066 52.598677180748886 49.451081284140116 29.55200137923083 94.59338416102877 88.22197715443512 16.900958107800644 66.73728280684298 50.0950421767225 96.62354693622936 75.37035592733687 
65.6502777635055 50.31483848081678 88.58517766615705 32.2794031917755 42.77808677182412 16.689370140484893 23.866694873218698 97.74136360175766 27.80238570995126 55.058935722367664 45.733984166219386 77.37041391274198 75.2843072068445 70.05401993336065 59.100587515561244 36.97946554342961 18.726502748247054 83.72099717263075 65.00188457011288 89.46515580487606 