20
0 59 43 80 53 29 91 20 73 76 20 55 63 51 69 31 90 85 94 55 
59 0 17 110 54 30 90 48 70 90 77 32 61 18 65 90 102 88 74 80 
43 17 0 103 51 14 91 35 70 86 61 34 60 21 66 74 100 88 80 73 
80 110 103 0 58 93 51 70 53 28 67 81 55 92 55 80 31 43 76 30 
53 54 51 58 0 46 42 32 21 36 56 23 11 35 17 75 49 37 42 30 
29 30 14 93 46 0 87 23 66 79 48 36 56 26 62 60 93 83 81 64 
91 90 91 51 42 87 0 73 21 25 89 58 31 72 25 107 22 9 28 44 
20 48 35 70 32 23 73 0 53 60 30 36 43 36 49 47 74 66 74 42 
73 70 70 53 21 66 21 53 0 26 73 38 10 52 4 92 34 18 27 34 
76 90 86 28 36 79 25 60 26 0 69 59 31 71 28 86 15 16 48 22 
20 77 61 67 56 48 89 30 73 69 0 66 65 66 70 19 83 81 98 47 
55 32 34 81 23 36 58 36 38 59 66 0 29 14 33 83 70 56 46 52 
63 61 60 55 11 56 31 43 10 31 65 29 0 43 6 84 41 28 32 31 
51 18 21 92 35 26 72 36 52 71 66 14 43 0 47 82 84 70 59 63 
69 65 66 55 17 62 25 49 4 28 70 33 6 47 0 89 37 23 28 33 
31 90 74 80 75 60 107 47 92 86 19 83 84 82 89 0 100 99 116 65 
90 102 100 31 49 93 22 74 34 15 83 70 41 84 37 100 0 16 50 36 
85 88 88 43 37 83 9 66 18 16 81 56 28 70 23 99 16 0 34 35 
94 74 80 76 42 81 28 74 27 48 98 46 32 59 28 116 50 34 0 60 
55 80 73 30 30 64 44 42 34 22 47 52 31 63 33 65 36 35 60 0 
0 1000
1118 1331
532 587
834 1602
315 612
1000 1180
92 186
231 548
1263 1399
1938 2765
1863 2721
290 730
916 1331
1530 2081
431 1298
1371 2210
382 590
1683 2178
698 1598
635 702
6.936802655500385 8.469737789537868 3.345400888769068 84.49826666093615 51.76326840321476 5.965534567811437 93.19565917824927 22.763764894623094 72.41316148495982 82.16918130084181 17.85089480026616 37.6532619944597 62.247003922650876 23.593376656338847 68.04852268958818 5.2683146507352845 96.83342804322534 88.52770754349216 82.41450506346438 62.28833864549384 
65.12103311612792 6.053686853350449 22.66963108914054 85.30686040966236 37.72021795035916 36.04979347264244 34.9572676683383 52.273575704796926 33.8551426043774 57.63142475852515 82.33783275889972 19.603548073330668 34.50418541764676 16.633454816998327 33.19674936128375 96.36241229385807 57.00855929479388 42.80711736296248 9.245028029963741 65.82760177781107 