20
0 33 83 81 85 37 111 82 26 103 79 47 62 94 113 30 74 23 75 66 
33 0 60 50 53 32 79 55 30 71 47 16 48 61 80 32 52 19 55 36 
83 60 0 33 41 92 82 90 59 75 43 65 101 55 75 92 9 79 103 32 
81 50 33 0 9 76 49 60 64 42 10 45 78 23 45 79 31 68 76 15 
85 53 41 9 0 76 41 55 70 34 7 46 75 14 36 80 40 70 72 21 
37 32 92 76 76 0 89 51 53 82 70 31 25 80 93 9 84 17 39 64 
111 79 82 49 41 89 0 44 104 8 42 65 76 27 10 96 81 91 65 59 
82 55 90 60 55 51 44 0 85 39 50 39 33 48 51 59 85 59 22 59 
26 30 59 64 70 53 104 85 0 96 66 46 74 82 103 48 50 36 84 49 
103 71 75 42 34 82 8 39 96 0 34 57 70 20 12 89 74 83 61 51 
79 47 43 10 7 70 42 50 66 34 0 39 69 17 38 74 40 64 66 18 
47 16 65 45 46 31 65 39 46 57 39 0 37 51 67 35 58 26 41 35 
62 48 101 78 75 25 76 33 74 70 69 37 0 74 82 34 94 40 14 70 
94 61 55 23 14 80 27 48 82 20 17 51 74 0 22 85 54 77 68 34 
113 80 75 45 36 93 10 51 103 12 38 67 82 22 0 100 76 93 73 56 
30 32 92 79 80 9 96 59 48 89 74 35 34 85 100 0 84 14 47 66 
74 52 9 31 40 84 81 85 50 74 40 58 94 54 76 84 0 70 96 27 
23 19 79 68 70 17 91 59 36 83 64 26 40 77 93 14 70 0 52 54 
75 55 103 76 72 39 65 22 84 61 66 41 14 68 73 47 96 52 0 71 
66 36 32 15 21 64 59 59 49 51 18 35 70 34 56 66 27 54 71 0 
0 1000
1486 1874
1812 2369
1725 2046
500 1403
2222 2446
1587 1943
92 738
2169 2251
1318 1685
993 1924
866 1334
218 1124
433 1324
1983 2094
675 1224
768 1434
1096 1433
329 332
1200 1265
6.132910724567376 30.755159229253714 19.49203181416943 49.58776522827124 58.10326766533079 42.797516577491926 98.6275543102234 85.77342128424196 1.219089389516903 90.8241101374454 57.11631650468172 47.18305455506789 68.01739503998067 72.50904313682295 94.0976533892217 34.19480095903674 18.470372022908066 29.22352230347277 80.7825240651362 39.646223970120786 
85.80436230854588 63.44187407739393 4.245516842356567 17.658613880688844 18.43794470165532 92.8988415351757 23.742386244084045 65.48371549005901 59.996936712670625 26.422052176213718 24.87002555804282 62.7099577874262 92.95512849556168 18.862295618233706 14.855363994970084 94.94032214583886 12.783249355614357 82.14195387707642 86.44920771288815 28.95175149781274 