20
0 44 31 37 38 49 52 39 67 27 43 34 48 53 55 24 59 51 27 22 
44 0 49 47 34 15 12 6 34 17 59 74 92 51 27 23 70 77 71 63 
31 49 0 66 20 44 50 44 81 37 73 34 55 79 71 42 89 82 46 50 
37 47 66 0 64 60 59 46 48 38 12 69 76 17 36 28 24 31 52 36 
38 34 20 64 0 25 32 29 67 28 74 53 74 75 59 37 89 87 60 60 
49 15 44 60 25 0 7 14 46 24 72 73 93 65 41 33 83 88 75 70 
52 12 50 59 32 7 0 14 40 26 71 79 98 62 36 34 81 88 79 72 
39 6 44 46 29 14 14 0 38 12 58 68 86 51 30 20 69 74 66 58 
67 34 81 48 67 46 40 38 0 45 59 101 115 40 13 43 61 78 92 78 
27 17 37 38 28 24 26 12 45 0 49 58 75 47 34 10 63 65 54 46 
43 59 73 12 74 72 71 58 59 49 0 70 75 22 47 39 17 19 51 34 
34 74 34 69 53 73 79 68 101 58 70 0 22 85 89 57 87 71 23 38 
48 92 55 76 74 93 98 86 115 75 75 22 0 93 103 72 90 70 25 41 
53 51 79 17 75 65 62 51 40 47 22 85 93 0 31 38 21 39 68 52 
55 27 71 36 59 41 36 30 13 34 47 89 103 31 0 31 52 66 79 65 
24 23 42 28 37 33 34 20 43 10 39 57 72 38 31 0 53 55 50 40 
59 70 89 24 89 83 81 69 61 63 17 87 90 21 52 53 0 24 66 50 
51 77 82 31 87 88 88 74 78 65 19 71 70 39 66 55 24 0 49 34 
27 71 46 52 60 75 79 66 92 54 51 23 25 68 79 50 66 49 0 17 
22 63 50 36 60 70 72 58 78 46 34 38 41 52 65 40 50 34 17 0 
0 1000
843 1114
498 624
731 942
447 1148
1742 2377
1502 2031
827 1072
78 385
1929 2853
231 263
1081 1973
1028 1847
1240 1264
1819 2081
1293 1443
326 759
654 806
1623 1739
1364 2289
39.53419600685297 54.07052784256503 12.975132322011529 76.88353650997416 21.470957703163982 41.21431206374131 47.520132173546 50.27756985960995 87.15671344480764 48.12179387111989 80.89831232903943 10.818555618530358 12.15444855619534 91.7862168941704 80.67718095536395 55.05354834967231 97.58858768793395 81.31570488801553 32.611118667846085 48.45249489811362 
51.70140120965823 9.906816735795465 36.53624536100401 51.05219135230501 18.522375714872542 3.096181689374833 0.0989798908907269 14.022164672014137 4.2243374208481566 25.890055758703223 62.73145994522683 70.00233355797802 91.56316415457444 43.745953589357015 15.304415675760296 33.36160980752905 64.14094807685147 81.65947693338845 77.80306881649719 72.31339279899575 