20
0 21 26 59 66 62 71 67 49 36 47 52 75 34 25 55 42 88 51 22 
21 0 35 38 48 56 53 52 56 37 26 55 57 14 31 48 50 74 36 35 
26 35 0 69 83 86 88 87 74 15 59 77 92 49 6 79 67 109 46 47 
59 38 69 0 25 59 27 36 78 63 12 74 30 25 63 52 75 56 39 67 
66 48 83 25 0 40 5 12 67 81 26 61 10 34 78 35 66 31 62 66 
62 56 86 59 40 0 43 30 34 92 52 27 46 49 84 8 37 37 86 48 
71 53 88 27 5 43 0 14 72 85 30 66 5 39 82 39 71 29 65 71 
67 52 87 36 12 30 14 0 60 88 35 54 16 39 83 27 60 23 72 63 
49 56 74 78 67 34 72 60 0 84 67 8 75 57 74 34 7 72 92 27 
36 37 15 63 81 92 85 88 84 0 56 87 90 48 12 84 78 110 33 58 
47 26 59 12 26 52 30 35 67 56 0 64 34 13 54 45 64 57 37 55 
52 55 77 74 61 27 66 54 8 87 64 0 69 55 76 27 12 64 91 31 
75 57 92 30 10 46 5 16 75 90 34 69 0 43 87 42 75 27 68 75 
34 14 49 25 34 49 39 39 57 48 13 55 43 0 44 41 53 62 38 42 
25 31 6 63 78 84 82 83 74 12 54 76 87 44 0 76 67 105 40 47 
55 48 79 52 35 8 39 27 34 84 45 27 42 41 76 0 35 39 78 43 
42 50 67 75 66 37 71 60 7 78 64 12 75 53 67 35 0 74 86 21 
88 74 109 56 31 37 29 23 72 110 57 64 27 62 105 39 74 0 93 81 
51 36 46 39 62 86 65 72 92 33 37 91 68 38 40 78 86 93 0 70 
22 35 47 67 66 48 71 63 27 58 55 31 75 42 47 43 21 81 70 0 
0 1000
842 1107
1447 1901
609 724
1855 1991
714 889
277 1094
1077 2019
1998 2021
83 661
190 353
1730 2432
1349 2188
1789 1809
2114 2117
391 946
501 1216
1582 1661
926 1633
1194 1620
79.04482344821203 58.31194119961177 86.61030659838384 20.50913452154195 16.577457927860017 43.0569367619505 11.389599671018447 19.528172902746288 77.14295988487542 75.90949695067259 32.07888261977836 69.74504026853104 6.814404175214084 45.067400842860636 80.45850356824795 43.83501342858802 78.77015480517895 5.580418329206904 42.60110499893843 82.13421626828163 
42.62930142396064 39.18341977401578 18.158457433278297 38.00113299754522 62.86022024275473 92.69419941301862 62.917364016780674 74.07976391171358 91.42377359083676 7.001662812625719 41.40887317883486 93.47353951329865 64.30329256764792 44.00759217523679 17.816189884297607 84.72207433819182 84.90792832459924 91.75769887445045 6.378791846034526 64.5602132599347 