20
0 6 35 78 65 79 68 64 13 13 48 60 66 58 30 62 50 12 57 75 
6 0 41 71 61 73 63 61 8 7 43 55 60 60 25 60 49 11 54 71 
35 41 0 106 82 107 85 72 48 45 71 81 91 40 55 66 52 35 69 93 
78 71 106 0 41 3 40 61 67 65 39 34 19 101 52 70 72 72 55 39 
65 61 82 41 0 40 3 20 61 54 19 10 23 65 35 29 36 55 16 11 
79 73 107 3 40 0 39 59 68 66 39 33 18 101 52 69 72 73 54 37 
68 63 85 40 3 39 0 22 63 57 21 11 22 68 38 31 38 58 18 8 
64 61 72 61 20 59 22 0 64 56 29 27 42 48 39 10 21 53 9 27 
13 8 48 67 61 68 63 64 0 8 42 54 57 67 26 64 53 18 56 70 
13 7 45 65 54 66 57 56 8 0 37 48 53 60 19 56 45 11 48 64 
48 43 71 39 19 39 21 29 42 37 0 12 21 63 18 36 34 39 21 28 
60 55 81 34 10 33 11 27 54 48 12 0 15 68 30 36 39 51 21 16 
66 60 91 19 23 18 22 42 57 53 21 15 0 82 37 51 53 58 35 24 
58 60 40 101 65 101 68 48 67 60 63 68 82 0 56 38 30 49 49 74 
30 25 55 52 35 52 38 39 26 19 18 30 37 56 0 41 33 22 30 45 
62 60 66 70 29 69 31 10 64 56 36 36 51 38 41 0 14 51 15 37 
50 49 52 72 36 72 38 21 53 45 34 39 53 30 33 14 0 38 20 45 
12 11 35 72 55 73 58 53 18 11 39 51 58 49 22 51 38 0 46 65 
57 54 69 55 16 54 18 9 56 48 21 21 35 49 30 15 20 46 0 25 
75 71 93 39 11 37 8 27 70 64 28 16 24 74 45 37 45 65 25 0 
0 1000
409 925
1960 2057
597 1205
137 686
581 1526
1019 1671
244 1046
1509 2118
1889 2085
734 1724
817 873
1789 2044
1669 2008
338 410
1107 1243
917 933
1242 1443
524 872
1395 1839
23.528427760985227 29.006557339358196 7.146296264147656 96.25123163803244 87.42042390805663 98.11694197966851 90.35938627885982 79.57602900183906 31.636200689334494 35.77996863584673 71.80883785722565 83.39234378176197 88.38866238198922 38.66971204220748 53.79261079264482 72.65018333903257 59.10818787541652 32.68373355715518 75.65724948985691 97.90373649045488 
59.74511538411692 62.96890169150823 28.47457133061493 86.75835160067467 46.37465913449529 84.87809820105453 47.113723246064346 28.49298154587345 70.20046676211304 63.313125258454896 56.74315395353631 55.31016388659544 69.28531738594627 3.5810725467390947 57.2176765352913 21.197138141816076 24.909892257720067 52.24774056853874 36.26793090731449 47.63466420086493 